frame	position	phase	lumen_area	lumen_circumf	longest_distance	shortest_distance	elliptic_ratio	vector_length	vector_angle	measurement_1	measurement_2	pullback_speed	pullback_start_frame	frame_rate
1	0.00	-	14.25	13.40	4.41	4.13	1.07	0.93	68.50			0.50	45.00	30.00
2	0.02	-	14.09	13.33	4.36	4.09	1.06	0.89	59.57					
3	0.03	-	14.33	13.45	4.40	4.15	1.04	0.87	58.10					
4	0.05	-	13.27	12.94	4.25	3.95	1.04	0.83	60.41					
5	0.07	-	14.13	13.34	4.30	4.18	1.03	0.76	66.40					
6	0.09	-	13.19	12.89	4.16	4.02	1.03	0.46	87.13					
7	0.10	-	12.59	12.59	4.08	3.95	1.08	0.41	102.13					
8	0.12	-	12.52	12.57	4.15	3.87	1.06	0.47	93.72					
9	0.14	-	12.36	12.54	4.25	3.65	1.08	0.67	83.21					
10	0.15	-	12.91	12.79	4.37	3.78	1.14	0.89	82.04					
11	0.17	-	12.72	12.73	4.43	3.73	1.08	1.17	77.68					
12	0.19	-	12.71	12.74	4.38	3.58	1.13	1.19	80.14					
13	0.20	-	12.88	12.78	4.30	3.74	1.12	1.28	81.91					
14	0.22	-	13.07	12.85	4.30	3.86	1.11	1.29	86.79					
15	0.23	-	13.32	12.99	4.40	3.84	1.13	1.35	90.28					
16	0.25	-	13.90	13.28	4.47	3.92	1.08	1.29	87.53					
17	0.27	-	14.91	13.74	4.60	4.09	1.12	1.00	93.02					
19	0.30	-	13.83	13.21	4.34	4.10	1.04	0.83	73.53					
20	0.32	-	14.15	13.35	4.38	4.12	1.05	0.86	64.57					
21	0.33	-	16.17	14.27	4.70	4.38	1.07	0.84	61.73					
22	0.35	-	15.58	14.02	4.57	4.31	1.06	0.81	60.04					
23	0.37	-	16.18	14.27	4.60	4.48	1.03	0.80	63.94					
24	0.38	-	15.70	14.06	4.60	4.37	1.05	0.65	77.65					
25	0.40	-	15.03	13.75	4.41	4.35	1.01	0.44	93.90					
26	0.42	-	14.17	13.35	4.35	4.14	1.05	0.47	104.95					
27	0.43	-	15.11	13.79	4.51	4.26	1.06	0.55	91.31					
28	0.45	-	14.39	13.50	4.55	3.99	1.14	0.84	86.13					
29	0.47	-	15.64	14.05	4.65	4.21	1.10	1.04	82.65					
30	0.48	-	16.75	14.57	4.89	4.28	1.14	1.21	79.95					
31	0.50	-	16.59	14.46	4.73	4.38	1.08	1.25	79.54					
32	0.52	-	16.42	14.39	4.83	4.35	1.11	1.32	84.97					
33	0.53	-	15.87	14.16	4.70	4.25	1.11	1.31	84.59					
34	0.55	-	15.89	14.16	4.68	4.34	1.08	1.31	90.70					
35	0.57	-	16.39	14.39	4.80	4.28	1.12	1.19	87.86					
36	0.58	-	15.31	13.89	4.56	4.25	1.07	0.94	89.63					
37	0.60	-	15.50	13.97	4.55	4.31	1.06	0.86	78.77					
38	0.62	-	15.89	14.15	4.63	4.35	1.06	0.87	68.72					
39	0.64	-	16.63	14.47	4.74	4.48	1.06	0.87	62.98					
40	0.65	-	15.87	14.15	4.63	4.34	1.07	0.83	60.92					
41	0.67	-	16.29	14.32	4.62	4.46	1.04	0.80	62.66					
42	0.69	-	15.84	14.13	4.71	4.32	1.09	0.65	76.63					
43	0.70	-	14.87	13.68	4.45	4.25	1.05	0.49	96.23					
44	0.72	-	14.55	13.53	4.41	4.20	1.05	0.46	105.37					
45	0.74	-	15.10	13.79	4.47	4.25	1.05	0.56	92.75					
46	0.75	-	13.76	13.20	4.47	3.90	1.14	0.74	86.74					
47	0.77	-	15.34	13.94	4.67	4.12	1.13	1.00	85.18					
48	0.79	-	16.42	14.42	4.85	4.24	1.14	1.20	79.43					
49	0.80	-	16.73	14.56	4.89	4.29	1.14	1.23	79.68					
50	0.82	-	16.13	14.30	4.75	4.26	1.11	1.30	80.84					
51	0.84	-	16.46	14.43	4.81	4.32	1.11	1.29	84.12					
52	0.85	-	16.11	14.26	4.67	4.35	1.07	1.34	91.79					
53	0.87	-	15.85	14.16	4.74	4.17	1.14	1.21	86.83					
54	0.89	-	15.20	13.84	4.53	4.27	1.06	0.98	92.33					
55	0.90	-	15.51	13.99	4.65	4.26	1.09	0.88	82.63					
56	0.92	-	15.79	14.11	4.65	4.33	1.07	0.89	71.15					
57	0.94	-	16.35	14.36	4.73	4.39	1.08	0.89	64.93					
58	0.96	-	15.86	14.13	4.63	4.37	1.06	0.87	62.42					
59	0.97	-	15.82	14.12	4.61	4.36	1.06	0.83	63.79					
60	0.99	-	15.02	13.76	4.54	4.23	1.07	0.64	80.10					
61	1.01	-	15.59	14.00	4.53	4.38	1.03	0.48	94.77					
62	1.02	-	14.89	13.68	4.42	4.29	1.03	0.46	104.51					
63	1.04	-	15.19	13.84	4.53	4.24	1.07	0.57	92.45					
64	1.06	-	15.33	13.90	4.53	4.26	1.06	0.73	92.12					
65	1.07	-	14.77	13.67	4.60	4.02	1.15	0.90	87.03					
66	1.09	-	16.17	14.28	4.68	4.37	1.07	1.16	79.22					
67	1.11	-	16.83	14.62	4.93	4.28	1.15	1.21	79.11					
68	1.12	-	15.91	14.18	4.70	4.27	1.10	1.25	80.12					
69	1.14	-	15.78	14.12	4.72	4.24	1.11	1.31	84.98					
70	1.16	-	16.48	14.42	4.82	4.36	1.10	1.37	88.63					
71	1.17	-	15.77	14.10	4.65	4.27	1.09	1.34	87.96					
72	1.19	-	16.28	14.38	4.80	4.19	1.15	1.13	85.44					
73	1.21	-	14.90	13.70	4.50	4.25	1.06	0.92	82.25					
74	1.23	-	15.64	14.04	4.52	4.39	1.03	0.90	70.14					
75	1.24	-	15.73	14.09	4.59	4.35	1.05	0.87	63.72					
76	1.26	-	15.71	14.08	4.59	4.40	1.04	0.84	56.17					
77	1.28	-	15.20	13.85	4.52	4.32	1.05	0.81	59.97					
78	1.29	-	15.02	13.78	4.50	4.21	1.07	0.84	61.03					
79	1.31	-	13.51	13.09	4.37	4.02	1.09	0.51	76.15					
80	1.33	-	12.34	12.46	4.01	3.93	1.02	0.41	91.81					
81	1.34	-	12.41	12.50	4.05	3.93	1.03	0.50	84.41					
82	1.36	-	12.80	12.70	4.18	3.92	1.07	0.73	70.54					
83	1.38	-	12.74	12.69	4.22	3.80	1.11	0.83	69.02					
84	1.39	-	13.72	13.18	4.43	3.93	1.13	0.98	66.65					
85	1.41	-	16.12	14.25	4.67	4.33	1.08	1.19	60.46					
86	1.43	-	16.64	14.49	4.82	4.40	1.10	1.27	64.90					
87	1.44	-	16.62	14.50	4.88	4.31	1.13	1.27	66.23					
88	1.46	-	16.61	14.49	4.86	4.36	1.11	1.30	68.95					
89	1.48	-	16.73	14.53	4.82	4.39	1.10	1.30	72.03					
90	1.49	-	16.32	14.34	4.76	4.36	1.09	1.26	68.24					
91	1.51	-	14.02	13.33	4.42	4.14	1.07	1.16	67.29					
92	1.53	-	11.43	12.38	4.53	3.11	1.46	0.72	61.13					
93	1.55	-	13.51	13.43	4.79	3.63	1.32	0.80	44.04					
94	1.56	-	14.17	13.73	5.02	3.65	1.37	0.75	22.80					
95	1.58	-	13.64	13.34	4.59	3.76	1.22	0.73	26.34					
96	1.60	-	13.29	13.47	4.98	3.20	1.56	0.56	354.01					
97	1.61	-	12.46	13.35	4.78	3.18	1.50	0.47	36.18					
98	1.63	-	14.17	13.45	4.56	3.90	1.17	0.39	3.33					
99	1.65	-	13.15	13.06	4.67	3.67	1.27	0.30	319.11					
100	1.66	-	14.84	13.87	4.87	4.01	1.21	0.47	6.00					
101	1.68	-	14.99	13.91	4.70	4.13	1.14	0.91	40.17					
102	1.70	-	14.07	13.32	4.38	4.14	1.06	1.14	57.16					
103	1.71	-	13.60	13.11	4.30	4.06	1.06	1.13	60.39					
104	1.73	-	16.02	14.21	4.67	4.32	1.08	1.24	58.70					
105	1.75	-	16.30	14.35	4.73	4.37	1.08	1.27	62.96					
106	1.76	-	16.74	14.55	4.88	4.39	1.11	1.30	67.70					
107	1.78	-	16.86	14.60	4.84	4.44	1.09	1.33	70.98					
108	1.80	-	15.56	14.02	4.70	4.22	1.11	1.29	72.07					
109	1.82	-	15.58	14.02	4.63	4.24	1.09	1.16	68.40					
110	1.83	-	13.72	13.25	4.39	3.92	1.12	1.01	66.54					
111	1.85	-	12.55	12.87	4.38	3.47	1.26	0.78	64.49					
112	1.87	-	13.20	13.05	4.35	3.79	1.15	0.91	52.36					
113	1.88	-	13.12	13.03	4.33	3.69	1.17	0.86	53.70					
114	1.90	-	13.31	13.12	4.35	3.80	1.15	0.84	50.03					
115	1.92	-	13.41	13.19	4.39	3.72	1.18	0.80	51.23					
116	1.93	-	13.01	12.86	4.38	3.74	1.17	0.75	53.76					
117	1.95	-	11.86	12.23	3.96	3.78	1.05	0.51	73.51					
118	1.97	-	12.25	12.42	4.02	3.85	1.05	0.47	75.89					
119	1.98	-	12.23	12.43	4.16	3.75	1.11	0.66	70.36					
120	2.00	-	13.50	13.08	4.40	3.86	1.14	0.89	64.56					
121	2.02	-	14.92	13.73	4.58	4.11	1.12	1.12	66.91					
122	2.03	-	16.32	14.35	4.77	4.30	1.11	1.21	66.93					
123	2.05	-	16.79	14.56	4.82	4.41	1.09	1.26	71.07					
124	2.07	-	16.46	14.42	4.87	4.35	1.12	1.28	74.93					
125	2.08	-	16.83	14.59	4.88	4.37	1.12	1.29	77.74					
126	2.10	-	16.42	14.42	4.92	4.34	1.13	1.24	79.78					
127	2.12	-	15.75	14.13	4.73	4.11	1.15	1.18	74.65					
128	2.14	-	13.72	13.16	4.34	4.08	1.06	0.98	80.46					
129	2.15	-	14.18	13.47	4.40	3.95	1.12	0.95	62.30					
130	2.17	-	13.73	13.30	4.41	3.75	1.17	0.96	62.34					
131	2.19	-	13.98	13.38	4.43	3.84	1.15	0.97	57.27					
132	2.20	-	13.07	13.07	4.37	3.58	1.22	0.92	58.13					
133	2.22	-	13.48	13.17	4.46	3.79	1.18	0.90	59.15					
134	2.24	-	12.53	12.62	4.28	3.70	1.16	0.67	69.08					
135	2.25	-	12.30	12.44	4.07	3.85	1.06	0.62	73.91					
136	2.27	-	11.93	12.26	3.98	3.80	1.05	0.51	81.72					
137	2.29	-	12.72	12.66	4.17	3.87	1.08	0.59	80.49					
138	2.30	-	13.48	13.04	4.30	3.92	1.10	0.81	71.30					
139	2.32	-	13.59	13.13	4.48	3.89	1.15	0.97	72.79					
140	2.34	-	15.92	14.18	4.67	4.24	1.10	1.18	69.25					
141	2.35	-	16.32	14.36	4.78	4.31	1.11	1.28	69.46					
142	2.37	-	16.55	14.46	4.83	4.33	1.11	1.29	74.19					
143	2.39	-	16.69	14.52	4.84	4.38	1.11	1.30	77.13					
144	2.40	-	16.09	14.24	4.64	4.37	1.06	1.33	83.21					
145	2.42	-	15.44	13.95	4.58	4.23	1.08	1.23	76.56					
146	2.44	-	14.10	13.33	4.37	4.08	1.07	1.04	78.53					
147	2.46	-	13.76	13.30	4.36	3.91	1.11	0.97	66.54					
148	2.47	-	13.16	12.99	4.28	3.74	1.14	0.96	60.06					
149	2.49	-	12.58	12.81	4.35	3.49	1.25	0.95	62.28					
150	2.51	-	13.26	12.97	4.28	3.89	1.10	0.93	54.69					
151	2.52	-	13.40	13.07	4.28	3.85	1.11	0.91	52.65					
152	2.54	-	13.23	12.99	4.47	3.73	1.20	0.70	62.77					
153	2.56	-	12.62	12.61	4.17	3.87	1.08	0.67	66.72					
154	2.57	-	12.25	12.42	4.04	3.84	1.05	0.49	73.95					
155	2.59	-	12.77	12.70	4.16	3.91	1.06	0.55	74.92					
156	2.61	-	13.35	12.98	4.32	3.91	1.10	0.80	69.94					
157	2.62	-	13.41	13.04	4.39	3.89	1.13	0.94	66.67					
158	2.64	-	14.97	13.73	4.47	4.26	1.05	1.21	65.40					
159	2.66	-	16.51	14.44	4.75	4.36	1.09	1.26	65.45					
160	2.67	-	16.16	14.27	4.70	4.36	1.08	1.29	72.56					
161	2.69	-	15.94	14.18	4.67	4.36	1.07	1.32	74.56					
162	2.71	-	16.01	14.22	4.70	4.29	1.10	1.30	80.27					
163	2.72	-	15.57	14.00	4.54	4.30	1.06	1.28	74.36					
164	2.74	-	14.23	13.40	4.44	4.09	1.09	1.05	75.13					
165	2.76	-	13.91	13.27	4.32	4.14	1.04	1.01	62.79					
166	2.78	-	13.27	12.99	4.30	3.88	1.11	0.97	60.65					
167	2.79	-	13.80	13.19	4.31	4.09	1.06	1.01	51.65					
168	2.81	-	13.45	13.12	4.31	3.88	1.11	0.93	53.02					
169	2.83	-	14.07	13.35	4.35	4.09	1.06	0.95	45.11					
170	2.84	-	13.34	13.09	4.42	3.78	1.17	0.82	58.01					
171	2.86	-	12.20	12.41	4.06	3.81	1.07	0.65	56.40					
172	2.88	-	10.35	11.44	3.76	3.51	1.07	0.56	82.46					
173	2.89	-	12.60	12.74	4.40	3.73	1.18	0.40	62.18					
174	2.91	-	12.30	12.46	4.14	3.84	1.08	0.81	70.14					
175	2.93	-	14.35	13.52	4.59	3.99	1.15	1.00	60.35					
176	2.94	-	14.34	13.44	4.39	4.18	1.05	1.21	65.50					
177	2.96	-	14.96	13.74	4.54	4.15	1.09	1.24	64.73					
178	2.98	-	15.75	14.10	4.68	4.23	1.11	1.27	67.38					
179	2.99	-	15.63	14.05	4.63	4.26	1.09	1.35	70.27					
180	3.01	-	15.23	13.86	4.49	4.28	1.05	1.34	76.56					
181	3.03	-	15.14	13.81	4.53	4.27	1.06	1.32	74.02					
182	3.04	-	13.87	13.33	4.41	4.02	1.10	1.06	74.70					
183	3.06	-	13.58	13.28	4.38	3.86	1.14	0.92	60.55					
184	3.08	-	13.87	13.49	4.70	3.82	1.23	0.93	46.83					
185	3.10	-	14.28	13.63	4.69	3.89	1.21	0.85	38.15					
186	3.11	-	13.66	13.42	4.62	3.67	1.26	0.80	37.97					
187	3.13	-	15.11	14.02	4.95	4.02	1.23	0.83	22.22					
188	3.15	-	14.69	14.05	5.09	3.93	1.29	0.69	18.25					
189	3.16	-	15.79	14.14	4.76	4.22	1.13	0.67	354.32					
190	3.18	-	15.33	13.99	4.71	3.99	1.18	0.63	336.59					
191	3.20	-	15.52	14.09	4.83	4.03	1.20	0.76	358.40					
192	3.21	-	15.44	14.13	4.92	3.89	1.27	0.89	11.82					
193	3.23	-	16.47	14.59	5.04	4.14	1.22	1.04	21.34					
194	3.25	-	14.42	13.60	4.71	3.89	1.21	1.19	42.17					
195	3.26	-	15.48	14.00	4.70	4.16	1.13	1.24	40.32					
196	3.28	-	16.10	14.26	4.78	4.35	1.10	1.31	43.59					
197	3.30	-	15.37	14.20	4.83	3.97	1.22	1.23	46.43					
198	3.31	-	13.62	13.51	4.96	3.51	1.41	1.01	51.17					
199	3.33	-	15.95	14.33	5.05	4.04	1.25	1.18	39.81					
200	3.35	-	16.61	14.47	4.78	4.40	1.09	1.27	31.44					
201	3.37	-	15.83	14.16	4.86	4.24	1.15	1.19	26.79					
202	3.38	-	14.34	13.56	4.70	3.93	1.19	1.14	26.15					
203	3.40	-	13.84	13.25	4.39	4.00	1.10	1.09	2.30					
204	3.42	-	13.41	13.10	4.27	3.85	1.11	1.08	351.62					
205	3.43	-	11.85	12.40	4.12	3.50	1.18	1.00	350.61					
206	3.45	-	12.43	12.54	4.13	3.88	1.06	1.07	331.28					
207	3.47	-	12.62	12.66	4.08	3.95	1.03	1.10	320.75					
208	3.48	-	13.18	12.93	4.19	4.04	1.04	1.09	327.39					
209	3.50	-	12.96	12.87	4.37	3.70	1.18	1.08	341.87					
210	3.52	-	13.02	12.93	4.37	3.85	1.13	1.07	2.55					
211	3.53	-	14.01	13.36	4.60	3.96	1.16	1.34	14.65					
212	3.55	-	14.61	13.63	4.62	4.06	1.14	1.36	13.31					
213	3.57	-	15.58	14.01	4.66	4.31	1.08	1.43	16.21					
214	3.58	-	15.10	13.79	4.48	4.31	1.04	1.42	21.53					
215	3.60	-	15.55	14.00	4.64	4.27	1.09	1.43	19.12					
216	3.62	-	13.27	12.98	4.30	3.87	1.11	1.29	30.15					
217	3.63	-	14.45	13.52	4.52	4.07	1.11	1.35	26.23					
218	3.65	-	12.76	12.81	4.30	3.57	1.20	1.39	13.73					
219	3.67	-	12.58	12.74	4.43	3.48	1.27	1.35	7.13					
220	3.69	-	12.85	12.86	4.34	3.61	1.20	1.38	359.59					
221	3.70	-	13.35	13.04	4.40	3.82	1.15	1.42	354.74					
222	3.72	-	13.41	13.04	4.42	3.83	1.16	1.46	352.37					
223	3.74	-	13.44	13.07	4.47	3.81	1.17	1.45	350.47					
224	3.75	-	13.50	13.10	4.47	3.82	1.17	1.48	351.22					
225	3.77	-	13.30	12.98	4.35	3.84	1.13	1.46	350.53					
226	3.79	-	13.11	12.90	4.39	3.77	1.16	1.43	354.57					
227	3.80	-	12.50	12.62	4.31	3.64	1.18	1.40	356.58					
228	3.82	-	11.97	12.41	4.33	3.41	1.27	1.32	353.36					
229	3.84	-	13.63	13.15	4.51	3.85	1.17	1.38	330.90					
230	3.85	-	12.82	12.74	4.34	3.79	1.14	1.38	329.28					
231	3.87	-	12.90	12.78	4.31	3.88	1.11	1.40	328.32					
232	3.89	-	11.61	12.20	4.10	3.67	1.12	1.34	339.08					
233	3.90	-	9.90	11.27	3.79	3.20	1.18	1.19	0.11					
234	3.92	-	8.47	10.45	3.53	2.93	1.20	1.21	5.72					
235	3.94	-	11.14	12.47	4.55	3.08	1.47	1.62	12.28					
236	3.96	-	10.87	12.11	4.43	3.21	1.38	1.63	9.75					
237	3.97	-	11.00	12.18	4.47	3.15	1.42	1.62	3.13					
238	3.99	-	10.15	11.61	4.36	3.07	1.42	1.54	1.64					
239	4.01	-	9.62	11.37	4.28	2.95	1.45	1.49	0.29					
240	4.02	-	9.10	11.14	4.20	2.96	1.42	1.42	359.37					
241	4.04	-	9.85	11.60	4.35	2.94	1.48	1.51	1.62					
242	4.06	-	8.98	10.82	3.88	2.92	1.33	1.33	1.76					
243	4.07	-	7.39	9.98	3.77	2.53	1.49	1.05	13.28					
244	4.09	-	8.04	10.39	3.93	2.60	1.51	1.21	5.31					
245	4.11	-	12.01	12.53	4.34	3.58	1.21	1.30	343.74					
246	4.12	-	10.35	11.53	3.83	3.37	1.14	1.29	343.28					
247	4.14	-	9.46	10.99	3.65	3.33	1.09	1.18	341.94					
248	4.16	-	10.31	11.56	3.84	3.34	1.15	1.21	346.42					
249	4.17	-	9.98	11.64	4.13	3.19	1.29	1.16	23.49					
250	4.19	-	10.54	11.70	4.14	3.19	1.30	1.29	23.29					
251	4.21	-	12.38	12.50	4.14	3.77	1.10	1.40	10.57					
252	4.22	-	13.56	13.11	4.43	3.87	1.14	1.36	9.16					
253	4.24	-	13.07	12.90	4.41	3.80	1.16	1.40	5.92					
254	4.26	-	14.35	13.51	4.63	3.97	1.16	1.41	2.57					
255	4.28	-	13.66	13.17	4.50	3.86	1.17	1.42	359.60					
256	4.29	-	13.48	13.07	4.45	3.88	1.15	1.41	358.40					
257	4.31	-	13.54	13.10	4.46	3.93	1.13	1.39	357.55					
258	4.33	-	12.69	12.70	4.31	3.79	1.14	1.31	354.96					
259	4.34	-	14.03	13.31	4.45	4.08	1.09	1.29	358.60					
260	4.36	-	13.26	12.93	4.27	3.98	1.07	1.22	2.53					
261	4.38	-	13.31	12.99	4.45	3.91	1.14	1.27	3.18					
262	4.39	-	12.47	12.67	4.39	3.62	1.21	1.25	10.08					
263	4.41	-	11.90	12.42	4.31	3.46	1.25	1.26	11.90					
264	4.43	-	12.92	12.81	4.33	3.83	1.13	1.34	16.21					
265	4.44	-	12.41	12.63	4.37	3.57	1.22	1.35	29.20					
266	4.46	-	13.63	13.21	4.50	3.78	1.19	1.31	38.50					
267	4.48	-	13.99	13.41	4.52	3.96	1.14	1.24	36.23					
268	4.49	-	14.75	13.66	4.57	4.12	1.11	1.23	23.13					
269	4.51	-	13.94	13.29	4.48	3.99	1.12	1.30	14.70					
270	4.53	-	13.62	13.13	4.43	3.97	1.11	1.33	4.13					
271	4.54	-	13.16	12.91	4.34	3.88	1.12	1.34	2.92					
272	4.56	-	13.60	13.13	4.47	3.88	1.15	1.34	0.46					
273	4.58	-	11.56	12.13	4.01	3.72	1.08	1.21	349.66					
274	4.60	-	12.24	12.54	4.13	3.82	1.08	1.14	338.75					
275	4.61	-	13.06	12.85	4.20	3.90	1.08	1.18	339.40					
276	4.63	-	13.55	13.09	4.29	3.98	1.08	1.26	341.08					
277	4.65	-	12.60	12.67	4.21	3.72	1.13	1.14	355.51					
278	4.66	-	13.73	13.19	4.47	3.99	1.12	1.30	6.01					
279	4.68	-	13.17	12.95	4.37	3.86	1.13	1.33	7.99					
280	4.70	-	13.03	12.92	4.36	3.73	1.17	1.38	12.28					
281	4.71	-	12.62	12.71	4.40	3.63	1.21	1.40	23.30					
282	4.73	-	13.18	12.94	4.30	3.83	1.12	1.47	25.15					
283	4.75	-	13.19	12.92	4.37	3.82	1.14	1.43	32.89					
284	4.76	-	12.59	12.82	4.42	3.58	1.23	1.28	34.84					
285	4.78	-	9.89	11.57	4.05	3.03	1.34	1.01	26.22					
286	4.80	-	13.44	13.04	4.41	3.89	1.13	1.27	8.87					
287	4.81	-	13.31	13.00	4.42	3.83	1.15	1.33	1.17					
288	4.83	-	13.01	12.85	4.35	3.80	1.15	1.37	1.60					
289	4.85	-	12.97	12.84	4.36	3.71	1.18	1.38	356.51					
290	4.87	-	11.74	12.32	4.32	3.47	1.25	1.28	0.22					
291	4.88	-	12.93	12.88	4.47	3.73	1.20	1.28	352.16					
292	4.90	-	12.21	12.61	4.25	3.56	1.19	1.23	353.12					
293	4.92	-	12.63	12.80	4.28	3.58	1.20	1.20	358.53					
294	4.93	-	12.33	12.49	4.11	3.76	1.09	1.27	352.72					
295	4.95	-	10.28	11.60	4.01	3.18	1.26	1.12	9.14					
296	4.97	-	10.64	11.68	4.06	3.34	1.21	1.20	1.51					
297	4.98	-	10.81	11.86	4.14	3.37	1.23	1.22	9.13					
298	5.00	-	12.17	12.56	4.23	3.52	1.20	1.34	14.26					
299	5.02	-	13.82	13.26	4.34	4.00	1.09	1.48	31.97					
300	5.03	-	12.24	12.44	4.13	3.75	1.10	1.33	25.57					
301	5.05	-	14.05	13.34	4.35	4.12	1.06	1.30	29.49					
302	5.07	-	10.57	11.86	4.22	3.18	1.33	1.15	22.22					
303	5.08	-	10.86	12.09	4.38	3.35	1.31	1.12	15.67					
304	5.10	-	12.30	12.61	4.50	3.47	1.30	1.31	11.79					
305	5.12	-	12.95	12.87	4.49	3.64	1.23	1.36	4.98					
306	5.13	-	12.44	12.63	4.39	3.65	1.20	1.29	1.35					
307	5.15	-	12.73	12.76	4.43	3.66	1.21	1.20	354.01					
308	5.17	-	11.77	12.30	4.11	3.52	1.17	1.08	342.50					
309	5.19	-	11.91	12.34	4.08	3.69	1.11	1.12	344.34					
310	5.20	-	12.16	12.56	4.28	3.54	1.21	1.02	1.00					
311	5.22	-	12.79	12.80	4.42	3.69	1.20	1.09	12.42					
312	5.24	-	13.63	13.12	4.40	4.03	1.09	1.31	9.23					
313	5.25	-	12.98	12.81	4.19	3.84	1.09	1.39	23.50					
314	5.27	-	14.56	13.58	4.55	4.09	1.11	1.41	27.35					
315	5.29	-	14.09	13.35	4.38	4.09	1.07	1.31	38.25					
316	5.30	-	14.48	13.52	4.38	4.18	1.05	1.42	47.87					
317	5.32	-	14.72	13.65	4.46	4.23	1.05	1.32	46.63					
318	5.34	-	13.17	13.06	4.31	3.82	1.13	1.25	39.48					
319	5.35	-	11.79	12.38	4.17	3.54	1.18	1.27	34.73					
320	5.37	-	11.94	12.46	4.31	3.50	1.23	1.23	22.24					
321	5.39	-	13.27	13.00	4.40	3.79	1.16	1.36	4.48					
322	5.40	-	13.89	13.26	4.43	3.96	1.12	1.34	2.28					
323	5.42	-	12.57	12.68	4.36	3.63	1.20	1.26	2.48					
324	5.44	-	10.91	11.87	4.07	3.40	1.20	0.91	343.16					
325	5.45	-	12.02	12.66	4.33	3.35	1.29	0.97	339.23					
326	5.47	-	9.74	11.81	4.25	2.78	1.53	0.68	340.72					
327	5.49	-	12.73	12.71	4.27	3.89	1.10	1.02	15.31					
328	5.51	-	11.83	12.38	4.23	3.55	1.19	1.08	22.76					
329	5.52	-	12.76	12.68	4.11	3.98	1.03	1.32	25.07					
330	5.54	-	15.25	13.86	4.55	4.27	1.07	1.38	29.81					
331	5.56	-	16.70	14.54	4.88	4.39	1.11	1.43	41.90					
332	5.57	-	16.34	14.38	4.82	4.30	1.12	1.42	48.59					
333	5.59	-	14.54	13.53	4.39	4.25	1.03	1.48	60.04					
334	5.61	-	14.20	13.38	4.38	4.08	1.07	1.27	44.20					
335	5.62	-	13.93	13.27	4.31	4.06	1.06	1.22	30.81					
336	5.64	-	14.09	13.35	4.40	4.06	1.08	1.27	23.65					
337	5.66	-	14.40	13.50	4.53	4.11	1.10	1.33	9.58					
338	5.67	-	14.53	13.57	4.55	4.13	1.10	1.35	5.60					
339	5.69	-	13.88	13.24	4.33	4.07	1.06	1.33	6.82					
340	5.71	-	14.69	13.61	4.49	4.19	1.07	1.30	2.81					
341	5.72	-	11.37	12.41	4.30	3.12	1.38	0.82	343.61					
342	5.74	-	10.12	11.65	4.16	2.85	1.46	0.66	324.65					
343	5.76	-	11.99	12.51	4.30	3.38	1.27	0.87	350.52					
344	5.78	-	13.13	13.06	4.32	3.68	1.17	0.96	18.88					
345	5.79	-	13.07	12.83	4.19	4.00	1.05	1.25	28.79					
346	5.81	-	15.02	13.76	4.52	4.28	1.06	1.37	29.05					
347	5.83	-	16.07	14.29	4.73	4.36	1.09	1.39	46.46					
348	5.84	-	16.43	14.39	4.68	4.41	1.06	1.39	46.29					
349	5.86	-	15.67	14.07	4.68	4.36	1.07	1.51	61.20					
350	5.88	-	15.24	13.85	4.47	4.34	1.03	1.38	54.61					
351	5.89	-	13.08	12.89	4.17	3.99	1.04	1.18	41.73					
352	5.91	-	10.20	12.03	4.15	2.92	1.42	0.91	39.40					
353	5.93	-	12.06	13.32	4.73	3.03	1.56	1.04	22.55					
354	5.94	-	13.11	13.02	4.44	3.63	1.22	1.21	12.94					
355	5.96	-	12.02	12.92	4.36	3.22	1.35	1.08	11.10					
356	5.98	-	11.49	12.49	4.27	3.23	1.32	1.02	14.57					
357	5.99	-	10.25	11.74	4.27	2.90	1.47	0.82	330.09					
358	6.01	-	12.14	12.56	4.40	3.60	1.22	0.91	331.13					
359	6.03	-	9.49	11.45	4.18	2.77	1.51	0.75	319.93					
360	6.04	-	12.96	12.84	4.35	3.74	1.16	0.94	9.79					
361	6.06	-	12.06	12.35	4.16	3.76	1.10	1.10	30.43					
362	6.08	-	15.60	14.04	4.68	4.24	1.10	1.36	22.74					
363	6.10	-	15.52	14.00	4.71	4.34	1.08	1.40	36.35					
364	6.11	-	16.36	14.37	4.72	4.39	1.07	1.42	48.29					
365	6.13	-	16.50	14.44	4.84	4.33	1.12	1.41	52.05					
366	6.15	-	16.16	14.30	4.72	4.37	1.08	1.50	57.04					
367	6.16	-	14.58	13.56	4.46	4.17	1.07	1.34	46.20					
368	6.18	-	13.29	12.99	4.26	3.93	1.08	1.16	35.56					
369	6.20	-	12.70	12.96	4.47	3.42	1.30	1.08	25.18					
370	6.21	-	11.10	12.43	4.41	2.96	1.49	1.01	19.93					
371	6.23	-	13.22	13.55	4.51	3.47	1.30	1.22	10.12					
372	6.25	-	10.87	12.88	4.48	2.82	1.59	0.95	8.93					
373	6.26	-	14.01	13.34	4.46	3.91	1.14	1.20	3.24					
374	6.28	-	9.99	11.93	4.12	2.72	1.51	0.87	319.86					
375	6.30	-	10.22	12.45	4.39	2.58	1.71	0.80	314.09					
376	6.31	-	8.16	10.82	3.92	2.35	1.67	0.39	358.62					
377	6.33	-	8.95	11.35	4.11	2.47	1.66	0.60	44.52					
378	6.35	-	13.60	13.13	4.41	4.00	1.10	1.19	26.42					
379	6.37	-	15.46	13.99	4.64	4.15	1.12	1.33	25.16					
380	6.38	-	15.19	13.83	4.57	4.31	1.06	1.38	38.62					
381	6.40	-	15.90	14.18	4.73	4.34	1.09	1.36	44.87					
382	6.42	-	15.36	13.93	4.63	4.33	1.07	1.44	58.06					
383	6.43	-	16.01	14.23	4.79	4.29	1.12	1.40	53.49					
384	6.45	-	12.76	12.76	4.17	3.79	1.10	1.24	46.39					
385	6.47	-	11.74	12.49	4.24	3.22	1.32	1.06	39.06					
386	6.48	-	10.97	12.39	4.51	2.87	1.57	0.89	27.51					
387	6.50	-	10.55	12.24	4.34	2.84	1.53	0.92	18.45					
388	6.52	-	13.29	13.01	4.38	3.82	1.15	1.25	13.00					
389	6.53	-	13.27	13.52	4.57	3.43	1.33	1.18	8.00					
390	6.55	-	11.19	11.96	4.17	3.46	1.20	0.97	354.00					
391	6.57	-	11.02	12.03	4.16	3.34	1.24	1.00	322.95					
392	6.58	-	11.68	12.42	4.30	3.33	1.29	0.96	327.41					
393	6.60	-	8.53	10.56	3.56	3.16	1.13	0.51	4.34					
394	6.62	-	10.49	11.76	4.30	3.17	1.36	0.68	36.47					
395	6.64	-	14.67	13.62	4.55	4.14	1.10	1.24	24.82					
396	6.65	-	15.72	14.09	4.67	4.25	1.10	1.31	25.59					
397	6.67	-	15.16	13.82	4.55	4.33	1.05	1.42	43.72					
398	6.69	-	16.42	14.39	4.77	4.43	1.08	1.38	45.18					
399	6.70	-	14.87	13.75	4.46	4.25	1.05	1.51	58.64					
400	6.72	-	14.84	13.71	4.52	4.28	1.06	1.41	52.96					
401	6.74	-	12.99	12.80	4.17	3.97	1.05	1.27	44.03					
402	6.75	-	9.97	11.70	4.25	2.95	1.44	0.85	39.08					
403	6.77	-	11.22	12.53	4.48	2.96	1.51	0.97	21.70					
404	6.79	-	9.78	11.51	4.08	2.88	1.42	0.84	14.02					
405	6.80	-	11.76	12.67	4.16	3.26	1.27	1.10	2.13					
406	6.82	-	11.39	12.50	4.27	3.05	1.40	0.99	3.67					
407	6.84	-	10.91	11.80	4.07	3.34	1.22	1.01	342.97					
408	6.85	-	10.74	11.89	4.19	3.19	1.31	0.92	325.65					
409	6.87	-	11.69	12.28	4.21	3.45	1.22	0.95	333.64					
410	6.89	-	10.42	11.58	4.01	3.20	1.25	0.65	13.66					
411	6.90	-	10.84	11.92	4.15	3.15	1.32	0.79	36.64					
412	6.92	-	14.83	13.72	4.61	4.12	1.12	1.24	28.69					
413	6.94	-	15.81	14.14	4.71	4.27	1.10	1.35	28.61					
414	6.96	-	15.49	13.98	4.62	4.29	1.08	1.36	39.48					
415	6.97	-	15.92	14.17	4.70	4.40	1.07	1.42	44.27					
416	6.99	-	15.07	13.79	4.45	4.32	1.03	1.40	57.98					
417	7.01	-	14.61	13.60	4.40	4.14	1.06	1.47	57.71					
418	7.02	-	12.41	12.53	4.17	3.76	1.11	1.16	48.12					
419	7.04	-	11.27	12.40	4.45	3.04	1.46	0.94	37.93					
420	7.06	-	12.11	12.94	4.57	3.16	1.45	1.02	17.07					
421	7.07	-	10.50	12.75	4.28	2.62	1.63	0.96	21.54					
422	7.09	-	12.66	12.88	4.37	3.52	1.24	1.19	2.92					
423	7.11	-	13.08	13.14	4.62	3.43	1.35	1.15	4.65					
424	7.12	-	12.04	12.46	4.28	3.59	1.19	1.04	354.39					
425	7.14	-	12.20	12.51	4.31	3.60	1.20	1.10	334.02					
426	7.16	-	12.18	12.55	4.34	3.43	1.26	0.95	341.96					
427	7.17	-	9.44	10.93	3.62	3.26	1.11	0.66	15.20					
428	7.19	-	11.86	12.27	4.14	3.64	1.14	0.94	42.42					
429	7.21	-	14.20	13.41	4.44	4.14	1.07	1.25	41.02					
430	7.23	-	14.42	13.51	4.43	4.09	1.08	1.37	52.73					
431	7.24	-	15.44	13.97	4.65	4.28	1.09	1.39	66.26					
432	7.26	-	15.16	13.82	4.50	4.31	1.04	1.44	77.35					
433	7.28	-	15.88	14.15	4.56	4.43	1.03	1.46	79.14					
434	7.29	-	14.57	13.67	4.55	3.91	1.16	1.57	92.78					
435	7.31	-	6.98	9.60	3.45	2.50	1.38	1.00	59.80					
436	7.33	-	14.14	13.55	4.60	4.02	1.15	1.28	61.30					
437	7.34	-	14.12	13.41	4.42	4.04	1.10	1.36	48.26					
438	7.36	-	14.43	13.65	4.64	4.06	1.14	1.44	44.41					
439	7.38	-	14.36	13.52	4.49	4.12	1.09	1.44	44.93					
440	7.39	-	13.97	13.27	4.31	4.15	1.04	1.39	45.28					
441	7.41	-	13.77	13.19	4.27	4.10	1.04	1.30	44.87					
442	7.43	-	13.53	13.07	4.30	4.00	1.08	1.07	35.15					
443	7.44	-	12.90	12.76	4.18	3.90	1.07	0.95	44.17					
444	7.46	-	13.05	12.87	4.27	3.91	1.09	0.91	50.96					
445	7.48	-	13.61	13.12	4.39	4.04	1.09	0.97	79.38					
446	7.50	-	14.64	13.62	4.46	4.14	1.08	1.11	81.57					
447	7.51	-	14.88	13.70	4.53	4.25	1.07	1.36	83.70					
448	7.53	-	16.15	14.26	4.58	4.47	1.03	1.46	79.42					
449	7.55	-	15.22	13.84	4.47	4.32	1.04	1.44	84.72					
450	7.56	-	16.09	14.23	4.60	4.46	1.03	1.48	80.71					
451	7.58	-	14.79	13.68	4.51	4.19	1.08	1.53	96.59					
452	7.60	-	14.27	13.46	4.38	4.06	1.08	1.47	89.26					
453	7.61	-	14.16	13.38	4.35	4.12	1.06	1.36	72.74					
454	7.63	-	14.08	13.43	4.54	3.98	1.14	1.30	57.23					
455	7.65	-	14.67	13.70	4.73	4.01	1.18	1.38	44.52					
456	7.66	-	13.58	13.14	4.41	4.02	1.10	1.39	37.41					
457	7.68	-	12.43	12.57	4.12	3.81	1.08	1.30	33.92					
458	7.70	-	13.61	13.11	4.23	4.08	1.04	1.39	35.37					
459	7.71	-	12.03	12.34	4.13	3.74	1.11	1.12	23.82					
460	7.73	-	12.59	12.61	4.10	3.90	1.05	1.00	13.19					
461	7.75	-	13.05	12.85	4.33	3.84	1.13	0.96	16.05					
462	7.76	-	11.87	12.27	4.14	3.64	1.14	0.82	37.46					
463	7.78	-	14.42	13.58	4.70	3.90	1.20	1.05	44.59					
464	7.80	-	14.19	13.39	4.50	4.02	1.12	1.21	56.81					
465	7.81	-	14.93	13.73	4.49	4.25	1.06	1.40	56.82					
466	7.83	-	15.90	14.15	4.61	4.41	1.05	1.45	56.59					
467	7.85	-	15.49	13.97	4.60	4.28	1.07	1.47	65.00					
468	7.86	-	16.45	14.40	4.68	4.42	1.06	1.45	66.38					
469	7.88	-	14.55	13.72	4.56	3.95	1.15	1.53	83.73					
470	7.90	-	15.35	13.96	4.65	4.27	1.09	1.46	69.84					
471	7.91	-	13.16	12.96	4.31	3.82	1.13	1.34	61.49					
472	7.93	-	14.51	13.58	4.59	4.01	1.15	1.39	35.07					
473	7.95	-	14.09	13.35	4.47	4.06	1.10	1.46	31.42					
474	7.97	-	13.19	12.91	4.28	3.94	1.09	1.45	24.14					
475	7.98	-	12.94	12.77	4.19	3.91	1.07	1.41	21.36					
476	8.00	-	13.30	12.95	4.24	3.99	1.06	1.41	22.89					
477	8.02	-	11.57	12.08	4.01	3.69	1.09	1.11	4.13					
478	8.03	-	10.97	11.78	3.96	3.51	1.13	0.99	359.43					
479	8.05	-	11.51	12.09	4.08	3.51	1.16	0.89	0.86					
480	8.07	-	11.88	12.24	3.99	3.72	1.07	0.93	25.40					
481	8.08	-	14.21	13.38	4.38	4.15	1.05	1.19	39.30					
482	8.10	-	14.00	13.28	4.38	4.10	1.07	1.29	43.53					
483	8.12	-	14.48	13.52	4.35	4.26	1.02	1.37	48.19					
484	8.13	-	14.68	13.60	4.41	4.24	1.04	1.44	51.90					
485	8.15	-	14.77	13.67	4.42	4.21	1.05	1.46	62.25					
486	8.17	-	15.58	14.03	4.59	4.35	1.06	1.41	67.53					
487	8.18	-	14.28	13.46	4.39	4.02	1.09	1.53	74.63					
488	8.20	-	14.07	13.33	4.33	4.13	1.05	1.42	58.96					
489	8.22	-	12.08	12.50	4.18	3.44	1.22	1.30	55.52					
490	8.23	-	12.89	13.14	4.42	3.51	1.26	1.29	34.16					
491	8.25	-	12.91	12.86	4.29	3.75	1.14	1.31	25.15					
492	8.27	-	12.52	12.65	4.16	3.72	1.12	1.31	18.09					
493	8.28	-	12.73	12.81	4.29	3.65	1.17	1.28	17.98					
494	8.30	-	13.07	12.84	4.19	3.95	1.06	1.29	16.50					
495	8.32	-	12.75	12.68	4.19	3.91	1.07	1.14	359.74					
496	8.34	-	12.58	12.61	4.24	3.83	1.11	1.07	357.50					
497	8.35	-	11.85	12.24	4.12	3.63	1.14	0.98	358.98					
498	8.37	-	11.99	12.34	4.13	3.62	1.14	0.88	25.94					
499	8.39	-	14.67	13.63	4.63	4.06	1.14	1.15	35.71					
500	8.40	-	15.04	13.76	4.55	4.24	1.07	1.34	38.96					
501	8.42	-	15.23	13.85	4.53	4.27	1.06	1.39	41.80					
502	8.44	-	14.94	13.74	4.52	4.24	1.06	1.45	52.56					
503	8.45	-	15.52	14.04	4.60	4.38	1.05	1.46	62.94					
504	8.47	-	15.54	14.05	4.63	4.30	1.08	1.50	71.25					
505	8.49	-	14.36	13.53	4.46	4.13	1.08	1.55	68.93					
506	8.50	-	13.86	13.24	4.28	4.03	1.06	1.38	58.84					
507	8.52	-	13.50	13.32	4.74	3.72	1.27	1.20	38.47					
508	8.54	-	14.41	13.51	4.55	4.08	1.12	1.35	25.94					
509	8.55	-	13.23	12.96	4.40	3.91	1.12	1.34	20.57					
510	8.57	-	12.95	12.78	4.19	3.93	1.07	1.34	14.05					
511	8.59	-	13.41	13.05	4.31	3.89	1.11	1.34	13.87					
512	8.60	-	12.70	12.69	4.22	3.85	1.10	1.25	8.20					
513	8.62	-	12.49	12.57	4.22	3.80	1.11	1.18	355.87					
514	8.64	-	12.77	12.75	4.37	3.68	1.19	1.17	348.24					
515	8.65	-	12.64	12.65	4.27	3.79	1.13	1.04	1.83					
516	8.67	-	13.25	13.04	4.50	3.66	1.23	1.10	20.58					
517	8.69	-	14.21	13.43	4.56	3.96	1.15	1.21	29.62					
518	8.71	-	15.31	13.91	4.71	4.22	1.12	1.34	32.09					
519	8.72	-	15.11	13.79	4.49	4.26	1.05	1.39	37.00					
520	8.74	-	14.68	13.65	4.43	4.20	1.05	1.44	48.93					
521	8.76	-	15.06	13.86	4.55	4.20	1.08	1.47	56.20					
522	8.77	-	13.80	13.28	4.37	3.88	1.13	1.51	63.41					
523	8.79	-	14.16	13.49	4.47	3.97	1.13	1.50	61.58					
524	8.81	-	12.74	12.83	4.21	3.65	1.15	1.34	53.36					
525	8.82	-	14.05	13.37	4.55	3.96	1.15	1.29	28.53					
526	8.84	-	14.02	13.42	4.69	3.86	1.22	1.32	17.77					
527	8.86	-	14.25	13.41	4.39	4.14	1.06	1.46	13.61					
528	8.87	-	13.24	12.97	4.35	3.80	1.14	1.33	7.90					
529	8.89	-	13.90	13.28	4.44	3.99	1.11	1.38	11.70					
530	8.91	-	12.58	12.64	4.26	3.69	1.15	1.22	354.16					
531	8.92	-	12.67	12.65	4.19	3.77	1.11	1.16	347.96					
532	8.94	-	12.25	12.46	4.20	3.68	1.14	1.09	349.42					
533	8.96	-	12.64	12.79	4.52	3.47	1.30	0.97	356.63					
534	8.97	-	12.35	12.59	4.32	3.56	1.21	0.96	10.79					
535	8.99	-	12.67	12.68	4.20	3.73	1.13	1.11	28.60					
536	9.01	-	14.75	13.64	4.44	4.18	1.06	1.39	26.23					
537	9.02	-	14.45	13.49	4.41	4.19	1.05	1.39	36.55					
538	9.04	-	14.65	13.59	4.43	4.25	1.04	1.44	46.88					
539	9.06	-	16.19	14.31	4.75	4.30	1.10	1.37	55.26					
540	9.08	-	13.58	13.29	4.44	3.86	1.15	1.57	71.58					
541	9.09	-	13.17	13.00	4.28	3.84	1.11	1.39	56.47					
542	9.11	-	12.86	12.98	4.70	3.59	1.31	1.14	31.69					
543	9.13	-	11.61	12.26	4.21	3.40	1.24	1.17	11.92					
544	9.14	-	13.67	13.19	4.48	3.87	1.16	1.38	11.88					
545	9.16	-	14.07	13.31	4.40	4.12	1.07	1.49	7.82					
546	9.18	-	14.20	13.43	4.59	3.98	1.15	1.43	9.97					
547	9.19	-	14.66	13.73	4.72	4.02	1.17	1.39	9.28					
548	9.21	-	12.90	12.75	4.19	3.91	1.07	1.28	348.74					
549	9.23	-	12.92	12.78	4.25	3.95	1.08	1.28	345.89					
550	9.24	-	13.73	13.19	4.34	4.08	1.06	1.22	350.46					
551	9.26	-	13.49	13.17	4.51	3.62	1.24	1.11	5.60					
552	9.28	-	14.19	13.46	4.68	3.81	1.23	1.16	9.96					
553	9.29	-	14.10	13.37	4.48	4.08	1.10	1.28	22.10					
554	9.31	-	14.08	13.35	4.46	4.10	1.09	1.36	28.10					
555	9.33	-	13.72	13.19	4.44	3.93	1.13	1.40	40.82					
556	9.34	-	13.95	13.41	4.43	3.84	1.16	1.36	47.02					
557	9.36	-	13.11	13.12	4.39	3.53	1.24	1.47	60.36					
558	9.38	-	13.27	13.16	4.39	3.75	1.17	1.52	63.80					
559	9.40	-	11.64	12.44	4.04	3.30	1.23	1.24	52.43					
560	9.41	-	11.88	12.53	4.45	3.42	1.30	1.16	20.66					
561	9.43	-	14.52	13.70	4.82	3.85	1.25	1.42	13.62					
562	9.45	-	14.08	13.38	4.54	4.01	1.13	1.49	11.09					
563	9.46	-	13.35	13.13	4.57	3.80	1.20	1.40	7.66					
564	9.48	-	13.51	13.20	4.47	3.84	1.16	1.43	7.03					
565	9.50	-	12.18	12.51	4.24	3.57	1.19	1.28	357.18					
566	9.51	-	12.07	12.39	4.24	3.59	1.18	1.27	344.48					
567	9.53	-	12.46	12.56	4.27	3.75	1.14	1.25	350.46					
568	9.55	-	12.88	12.89	4.53	3.51	1.29	1.07	354.49					
569	9.56	-	13.36	13.07	4.48	3.70	1.21	1.17	8.04					
570	9.58	-	12.17	12.44	4.15	3.69	1.12	1.17	16.37					
571	9.60	-	13.97	13.29	4.38	4.06	1.08	1.36	19.84					
572	9.61	-	12.94	12.80	4.21	3.82	1.10	1.33	34.70					
573	9.63	-	13.14	12.91	4.31	3.78	1.14	1.39	43.99					
574	9.65	-	13.36	13.26	4.43	3.61	1.23	1.37	50.72					
575	9.66	-	11.86	12.50	4.33	3.35	1.29	1.51	63.21					
576	9.68	-	12.63	12.83	4.35	3.60	1.21	1.39	52.80					
577	9.70	-	9.99	11.89	4.23	2.90	1.46	1.04	39.01					
578	9.72	-	11.05	12.10	4.18	3.22	1.30	1.14	12.11					
579	9.73	-	11.30	12.32	4.23	3.19	1.33	1.21	9.52					
580	9.75	-	12.26	12.62	4.31	3.49	1.24	1.34	3.58					
581	9.77	-	11.36	12.25	4.21	3.26	1.29	1.25	4.56					
582	9.78	-	11.55	12.31	4.24	3.38	1.26	1.27	1.36					
583	9.80	-	12.13	12.54	4.29	3.45	1.24	1.25	347.27					
584	9.82	-	11.33	12.01	4.14	3.47	1.19	1.27	341.17					
585	9.83	-	12.62	12.65	4.31	3.74	1.15	1.21	348.04					
586	9.85	-	12.40	12.62	4.28	3.48	1.23	1.17	358.92					
587	9.87	-	12.87	12.75	4.23	3.80	1.11	1.20	8.89					
588	9.88	-	13.77	13.17	4.29	4.11	1.04	1.33	14.23					
589	9.90	-	14.08	13.33	4.40	4.16	1.06	1.42	19.49					
590	9.92	-	13.05	12.84	4.19	3.92	1.07	1.37	33.84					
591	9.93	-	13.16	12.91	4.36	3.86	1.13	1.39	36.78					
592	9.95	-	14.26	13.48	4.39	4.01	1.09	1.46	53.14					
593	9.97	-	12.64	12.91	4.52	3.51	1.29	1.47	55.29					
594	9.98	-	13.59	13.10	4.24	4.06	1.04	1.39	42.45					
595	10.00	-	11.58	12.14	4.07	3.67	1.11	1.21	20.96					
596	10.02	-	13.25	12.99	4.41	3.82	1.16	1.41	10.04					
597	10.03	-	13.20	13.02	4.39	3.79	1.16	1.41	8.99					
598	10.05	-	12.81	12.77	4.20	3.77	1.12	1.41	3.11					
599	10.07	-	12.48	12.79	4.48	3.69	1.22	1.35	6.26					
600	10.09	-	11.94	12.29	4.13	3.68	1.12	1.37	354.28					
601	10.10	-	12.49	12.55	4.08	3.89	1.05	1.37	349.07					
602	10.12	-	12.46	12.56	4.13	3.75	1.10	1.29	347.78					
603	10.14	-	12.20	12.43	4.13	3.79	1.09	1.25	351.09					
604	10.15	-	12.96	12.81	4.23	3.90	1.08	1.24	1.74					
605	10.17	-	13.69	13.16	4.35	4.05	1.07	1.29	9.13					
606	10.19	-	13.07	12.85	4.26	3.85	1.11	1.29	11.43					
607	10.20	-	13.42	13.01	4.21	4.07	1.03	1.36	17.32					
608	10.22	-	11.71	12.33	4.06	3.53	1.15	1.18	34.04					
609	10.24	-	12.31	12.51	4.13	3.72	1.11	1.20	35.54					
610	10.25	-	10.78	12.05	4.16	3.05	1.36	1.37	56.71					
611	10.27	-	13.04	12.99	4.40	3.84	1.14	1.47	52.41					
612	10.29	-	10.61	11.87	4.02	3.30	1.22	1.09	40.28					
613	10.30	-	12.84	12.80	4.20	3.88	1.08	1.37	15.42					
614	10.32	-	13.32	12.98	4.29	3.95	1.09	1.42	8.12					
615	10.34	-	13.31	13.00	4.32	3.99	1.08	1.43	7.17					
616	10.35	-	12.85	12.78	4.24	3.88	1.09	1.39	3.73					
617	10.37	-	12.70	12.70	4.15	3.90	1.06	1.39	3.64					
618	10.39	-	12.50	12.60	4.25	3.70	1.15	1.35	351.82					
619	10.41	-	12.68	12.65	4.17	3.84	1.08	1.35	345.01					
620	10.42	-	12.77	12.71	4.25	3.84	1.11	1.28	346.55					
621	10.44	-	13.41	13.04	4.37	3.93	1.11	1.24	353.39					
622	10.46	-	13.33	12.96	4.24	3.98	1.06	1.22	3.53					
623	10.47	-	13.32	12.98	4.29	3.99	1.07	1.29	7.83					
624	10.49	-	13.17	12.89	4.26	3.93	1.08	1.32	9.18					
625	10.51	-	14.73	13.63	4.40	4.24	1.04	1.47	15.99					
626	10.52	-	10.69	12.01	4.00	3.27	1.22	1.12	28.20					
627	10.54	-	12.45	12.83	4.19	3.64	1.15	1.20	33.95					
628	10.56	-	10.69	11.95	4.24	2.96	1.43	1.36	60.61					
629	10.57	-	11.31	12.41	4.26	3.11	1.37	1.36	52.27					
630	10.59	-	8.88	10.84	3.61	3.00	1.20	0.89	40.75					
631	10.61	-	13.84	13.23	4.30	4.06	1.06	1.44	12.68					
632	10.62	-	13.57	13.09	4.25	4.07	1.05	1.47	7.93					
633	10.64	-	13.60	13.12	4.32	4.09	1.06	1.48	5.47					
634	10.66	-	13.13	12.88	4.15	4.03	1.03	1.47	3.23					
635	10.67	-	13.33	13.00	4.26	3.99	1.07	1.44	2.26					
636	10.69	-	12.93	12.81	4.32	3.81	1.13	1.34	353.10					
637	10.71	-	12.87	12.73	4.18	3.94	1.06	1.33	348.33					
638	10.73	-	12.79	12.70	4.20	3.86	1.09	1.28	346.44					
639	10.74	-	12.95	12.83	4.30	3.82	1.13	1.20	355.61					
640	10.76	-	12.99	12.79	4.19	3.97	1.06	1.19	0.81					
641	10.78	-	13.38	13.01	4.29	4.00	1.07	1.25	5.72					
642	10.79	-	13.51	13.06	4.20	4.11	1.02	1.35	8.34					
643	10.81	-	13.61	13.09	4.25	4.06	1.05	1.38	10.02					
644	10.83	-	11.29	12.01	4.13	3.46	1.20	1.21	26.16					
645	10.84	-	10.24	11.67	4.00	3.15	1.27	1.09	31.62					
646	10.86	-	12.48	12.83	4.47	3.35	1.33	1.17	49.48					
647	10.88	-	9.21	11.36	4.18	2.52	1.66	1.37	51.98					
648	10.89	-	10.48	11.84	4.04	3.13	1.29	1.10	48.77					
649	10.91	-	14.20	13.49	4.51	4.12	1.09	1.43	22.00					
650	10.93	-	12.65	12.73	4.19	3.86	1.08	1.34	13.30					
651	10.94	-	12.46	12.79	4.40	3.72	1.18	1.38	7.59					
652	10.96	-	12.53	12.71	4.24	3.75	1.13	1.37	1.12					
653	10.98	-	12.33	12.49	4.03	3.84	1.05	1.38	359.52					
654	11.00	-	11.69	12.15	4.02	3.71	1.08	1.32	348.41					
655	11.01	-	13.75	13.25	4.58	3.99	1.15	1.38	351.69					
656	11.03	-	14.03	13.42	4.64	4.05	1.15	1.38	355.36					
657	11.05	-	14.24	13.44	4.56	4.07	1.12	1.34	358.68					
658	11.06	-	13.88	13.26	4.39	4.10	1.07	1.32	3.26					
659	11.08	-	13.35	13.01	4.25	4.06	1.05	1.31	5.18					
660	11.10	-	12.80	12.72	4.11	3.95	1.04	1.29	4.69					
661	11.11	-	12.14	12.39	4.06	3.81	1.06	1.38	3.04					
662	11.13	-	13.20	12.96	4.21	4.01	1.05	1.49	5.20					
663	11.15	-	10.14	11.62	4.18	3.13	1.34	1.19	18.94					
664	11.16	-	11.06	11.93	4.03	3.46	1.16	1.17	16.27					
665	11.18	-	10.93	11.91	4.13	3.28	1.26	1.28	51.84					
666	11.20	-	9.56	11.31	4.19	2.94	1.43	1.28	42.72					
667	11.21	-	12.98	12.90	4.28	3.87	1.11	1.48	25.02					
668	11.23	-	14.24	13.60	4.63	4.06	1.14	1.52	18.20					
669	11.25	-	14.30	13.53	4.56	4.07	1.12	1.50	12.69					
670	11.26	-	14.50	13.68	4.67	3.98	1.17	1.50	11.25					
671	11.28	-	13.97	13.39	4.56	3.97	1.15	1.48	5.37					
672	11.30	-	13.70	13.21	4.42	3.92	1.13	1.44	2.23					
673	11.32	-	13.45	13.09	4.40	3.90	1.13	1.38	357.21					
674	11.33	-	13.16	12.93	4.27	3.91	1.09	1.39	357.85					
675	11.35	-	13.65	13.18	4.39	3.94	1.11	1.38	2.11					
676	11.37	-	13.85	13.27	4.46	4.01	1.11	1.37	5.45					
677	11.38	-	13.49	13.11	4.37	3.99	1.10	1.39	9.42					
678	11.40	-	13.61	13.18	4.41	4.01	1.10	1.40	10.26					
679	11.42	-	13.32	13.10	4.39	3.94	1.11	1.39	11.60					
680	11.43	-	12.33	12.54	4.09	3.84	1.06	1.36	359.71					
681	11.45	-	11.61	12.16	4.00	3.76	1.07	1.34	0.20					
682	11.47	-	13.65	13.89	5.01	3.48	1.43	1.49	17.30					
683	11.48	-	8.75	11.30	3.91	2.44	1.60	1.01	55.78					
684	11.50	-	11.18	12.09	4.24	3.18	1.33	1.36	46.08					
685	11.52	-	11.30	12.10	4.23	3.41	1.24	1.38	37.69					
686	11.53	-	14.63	13.68	4.48	4.15	1.08	1.54	17.96					
687	11.55	-	14.75	13.75	4.56	4.11	1.11	1.53	16.37					
688	11.57	-	14.40	13.60	4.56	4.03	1.13	1.48	13.62					
689	11.58	-	14.05	13.46	4.56	3.94	1.16	1.48	11.58					
690	11.60	-	13.69	13.22	4.41	3.93	1.12	1.44	8.01					
691	11.62	-	13.72	13.20	4.40	3.95	1.11	1.44	4.62					
692	11.64	-	13.42	13.06	4.43	3.90	1.13	1.40	359.61					
693	11.65	-	13.58	13.16	4.49	3.90	1.15	1.38	0.10					
694	11.67	-	14.27	13.52	4.71	3.96	1.19	1.37	5.27					
695	11.69	-	14.39	13.53	4.62	4.06	1.14	1.35	9.03					
696	11.70	-	14.67	13.78	4.75	4.04	1.18	1.38	15.10					
697	11.72	-	14.44	13.59	4.64	4.10	1.13	1.38	16.16					
698	11.74	-	13.20	13.03	4.39	3.93	1.12	1.34	11.89					
699	11.75	-	13.17	12.94	4.15	4.04	1.03	1.41	11.43					
700	11.77	-	12.76	12.74	4.19	3.96	1.06	1.37	13.47					
701	11.79	-	12.56	12.70	4.31	3.72	1.16	1.31	22.01					
702	11.80	-	9.01	10.77	3.72	3.10	1.20	1.06	36.52					
703	11.82	-	9.96	11.85	4.31	2.83	1.52	1.30	43.47					
704	11.84	-	13.69	13.28	4.43	3.96	1.12	1.44	25.96					
705	11.85	-	14.60	13.66	4.58	4.09	1.12	1.50	17.85					
706	11.87	-	14.34	13.56	4.56	4.05	1.13	1.46	17.48					
707	11.89	-	14.05	13.39	4.44	4.05	1.10	1.47	13.52					
708	11.91	-	13.33	13.04	4.28	4.02	1.06	1.43	9.44					
709	11.92	-	12.68	12.70	4.17	3.93	1.06	1.41	3.60					
710	11.94	-	12.82	12.75	4.23	3.89	1.09	1.38	1.02					
711	11.96	-	13.76	13.24	4.49	3.92	1.14	1.41	1.74					
712	11.97	-	13.76	13.22	4.47	3.94	1.13	1.37	2.43					
713	11.99	-	14.93	13.82	4.79	4.04	1.19	1.35	10.95					
714	12.01	-	14.46	13.59	4.63	4.11	1.13	1.34	12.18					
715	12.02	-	14.65	13.67	4.57	4.08	1.12	1.34	17.55					
716	12.04	-	13.60	13.15	4.28	4.07	1.05	1.32	12.75					
717	12.06	-	13.43	13.03	4.26	3.98	1.07	1.35	15.09					
718	12.07	-	11.82	12.36	4.06	3.70	1.10	1.21	12.08					
719	12.09	-	11.26	12.13	4.31	3.36	1.28	1.23	29.55					
720	12.11	-	11.63	12.34	4.26	3.26	1.31	1.16	52.58					
721	12.12	-	10.69	11.99	4.20	2.92	1.44	1.37	53.11					
722	12.14	-	13.78	13.22	4.24	4.14	1.02	1.38	30.74					
723	12.16	-	14.87	13.78	4.58	4.17	1.10	1.50	19.86					
724	12.17	-	14.80	13.72	4.55	4.16	1.09	1.50	16.30					
725	12.19	-	14.56	13.63	4.62	4.08	1.13	1.48	15.18					
726	12.21	-	13.46	13.05	4.29	4.05	1.06	1.43	8.59					
727	12.23	-	12.67	12.69	4.22	3.92	1.08	1.38	3.69					
728	12.24	-	13.07	12.86	4.21	3.95	1.07	1.41	0.19					
729	12.26	-	13.62	13.15	4.44	3.93	1.13	1.39	359.13					
730	12.28	-	13.70	13.16	4.39	4.01	1.10	1.39	359.90					
731	12.29	-	14.60	13.62	4.65	4.09	1.14	1.29	7.95					
732	12.31	-	14.05	13.38	4.48	4.08	1.10	1.31	9.64					
733	12.33	-	14.50	13.65	4.73	4.07	1.16	1.30	15.24					
734	12.34	-	13.51	13.09	4.27	4.07	1.05	1.30	14.19					
735	12.36	-	13.14	12.91	4.25	3.83	1.11	1.29	14.89					
736	12.38	-	11.52	12.17	4.15	3.47	1.19	1.27	24.17					
737	12.39	-	9.32	11.16	4.07	2.89	1.41	1.02	34.81					
738	12.41	-	9.39	11.37	4.17	2.61	1.60	1.13	62.20					
739	12.43	-	11.69	12.52	4.24	3.34	1.27	1.33	50.23					
740	12.44	-	9.34	11.35	4.15	2.72	1.52	1.13	54.88					
741	12.46	-	15.28	14.02	4.74	4.17	1.14	1.53	23.59					
742	12.48	-	15.30	13.98	4.70	4.17	1.13	1.55	17.30					
743	12.49	-	14.15	13.43	4.48	4.09	1.10	1.45	15.28					
744	12.51	-	14.30	13.48	4.46	4.09	1.09	1.49	12.00					
745	12.53	-	13.18	12.95	4.26	3.95	1.08	1.44	7.04					
746	12.55	-	13.24	12.97	4.32	3.93	1.10	1.44	5.81					
747	12.56	-	14.18	13.44	4.59	3.97	1.16	1.43	3.87					
748	12.58	-	13.85	13.27	4.48	3.97	1.13	1.39	1.63					
749	12.60	-	14.62	13.59	4.53	4.18	1.08	1.29	6.69					
750	12.61	-	14.90	13.77	4.69	4.14	1.13	1.29	11.03					
751	12.63	-	15.37	14.03	4.90	4.10	1.20	1.27	16.22					
752	12.65	-	15.09	13.89	4.74	4.07	1.16	1.30	15.91					
753	12.66	-	13.92	13.34	4.53	4.00	1.13	1.32	11.40					
754	12.68	-	13.34	13.04	4.25	4.06	1.05	1.35	13.12					
755	12.70	-	11.19	11.92	3.87	3.70	1.05	1.16	15.84					
756	12.71	-	9.76	11.41	3.98	3.00	1.33	0.98	53.55					
757	12.73	-	10.44	11.70	4.09	3.19	1.28	1.19	57.04					
758	12.75	-	9.47	11.39	4.15	2.69	1.54	1.16	55.84					
759	12.76	-	14.43	13.58	4.51	4.10	1.10	1.44	26.31					
760	12.78	-	14.62	13.63	4.51	4.16	1.08	1.47	16.94					
761	12.80	-	14.52	13.58	4.59	4.09	1.12	1.42	12.68					
762	12.82	-	14.04	13.34	4.46	4.09	1.09	1.46	8.67					
763	12.83	-	13.84	13.25	4.43	4.04	1.10	1.45	7.31					
764	12.85	-	14.38	13.52	4.54	4.03	1.13	1.46	4.70					
765	12.87	-	14.54	13.60	4.63	4.00	1.16	1.37	0.28					
766	12.88	-	14.17	13.43	4.61	3.97	1.16	1.35	0.45					
767	12.90	-	14.33	13.51	4.65	3.94	1.18	1.30	4.41					
768	12.92	-	14.36	13.50	4.61	3.97	1.16	1.27	6.14					
769	12.93	-	14.01	13.35	4.55	3.98	1.14	1.32	8.20					
770	12.95	-	13.98	13.35	4.55	3.95	1.15	1.32	10.28					
771	12.97	-	12.95	12.82	4.24	3.95	1.07	1.30	2.11					
772	12.98	-	12.70	12.69	4.20	3.92	1.07	1.35	4.18					
773	13.00	-	12.83	12.83	4.24	3.92	1.08	1.36	8.65					
774	13.02	-	11.30	12.15	4.26	3.32	1.28	1.21	41.44					
775	13.03	-	11.17	12.08	4.27	3.27	1.31	1.25	49.88					
776	13.05	-	12.79	12.98	4.39	3.80	1.16	1.44	37.08					
777	13.07	-	14.73	13.73	4.57	4.15	1.10	1.46	21.38					
778	13.08	-	14.66	13.66	4.53	4.21	1.08	1.43	13.20					
779	13.10	-	14.42	13.53	4.45	4.14	1.07	1.42	12.38					
780	13.12	-	13.85	13.27	4.37	4.05	1.08	1.44	9.46					
781	13.14	-	14.30	13.52	4.59	3.99	1.15	1.44	10.40					
782	13.15	-	14.20	13.47	4.57	3.92	1.16	1.41	8.82					
783	13.17	-	14.09	13.45	4.66	3.82	1.22	1.38	3.68					
784	13.19	-	14.09	13.44	4.62	3.85	1.20	1.37	6.18					
785	13.20	-	14.41	13.58	4.71	3.92	1.20	1.34	6.74					
786	13.22	-	14.67	13.69	4.73	3.99	1.19	1.31	15.00					
787	13.24	-	14.14	13.42	4.56	3.94	1.16	1.34	13.63					
788	13.25	-	13.88	13.26	4.45	3.99	1.12	1.28	12.43					
789	13.27	-	13.08	12.87	4.26	3.97	1.07	1.25	2.85					
790	13.29	-	12.48	12.55	4.06	3.91	1.04	1.26	0.44					
791	13.30	-	13.01	12.82	4.12	4.00	1.03	1.31	5.44					
792	13.32	-	12.35	12.61	4.19	3.67	1.14	1.17	15.78					
793	13.34	-	11.62	12.28	4.11	3.55	1.16	1.27	37.99					
794	13.35	-	11.46	12.11	4.08	3.59	1.13	1.29	37.19					
795	13.37	-	15.04	13.85	4.65	4.15	1.12	1.44	21.65					
796	13.39	-	15.07	13.82	4.63	4.14	1.12	1.43	18.57					
797	13.41	-	14.69	13.66	4.57	4.09	1.12	1.42	16.11					
798	13.42	-	14.42	13.55	4.55	4.01	1.13	1.43	15.88					
799	13.44	-	14.19	13.43	4.47	4.04	1.11	1.41	12.95					
800	13.46	-	14.16	13.46	4.57	3.93	1.16	1.42	11.11					
801	13.47	-	14.36	13.55	4.64	3.92	1.18	1.41	9.34					
802	13.49	-	14.05	13.40	4.57	3.92	1.17	1.39	9.68					
803	13.51	-	14.58	13.68	4.78	3.96	1.21	1.36	13.23					
804	13.52	-	14.58	13.65	4.73	3.97	1.19	1.32	15.38					
805	13.54	-	13.83	13.25	4.47	3.99	1.12	1.29	11.37					
806	13.56	-	14.37	13.51	4.61	4.03	1.14	1.26	13.91					
807	13.57	-	13.71	13.20	4.48	3.96	1.13	1.22	12.15					
808	13.59	-	13.50	13.09	4.34	4.02	1.08	1.27	10.49					
809	13.61	-	13.95	13.34	4.43	4.01	1.11	1.31	16.47					
810	13.62	-	10.38	11.63	3.96	3.18	1.25	0.96	21.20					
811	13.64	-	10.79	12.01	4.18	3.23	1.29	1.19	45.17					
812	13.66	-	13.61	13.16	4.28	4.07	1.05	1.34	34.80					
813	13.68	-	15.42	14.02	4.75	4.22	1.12	1.43	21.46					
814	13.69	-	15.35	13.99	4.72	4.25	1.11	1.46	17.03					
815	13.71	-	14.73	13.68	4.58	4.17	1.10	1.43	13.34					
816	13.73	-	14.81	13.71	4.59	4.12	1.11	1.44	13.60					
817	13.74	-	14.53	13.60	4.58	4.00	1.15	1.46	14.05					
818	13.76	-	14.51	13.64	4.64	4.01	1.16	1.46	11.88					
819	13.78	-	14.25	13.49	4.61	3.93	1.17	1.42	8.55					
820	13.79	-	14.63	13.66	4.68	3.98	1.18	1.38	9.33					
821	13.81	-	14.50	13.62	4.71	3.93	1.20	1.34	11.12					
822	13.83	-	14.72	13.69	4.70	3.98	1.18	1.31	14.37					
823	13.84	-	14.39	13.52	4.61	4.02	1.15	1.27	12.83					
824	13.86	-	14.78	13.73	4.73	4.00	1.18	1.26	15.19					
825	13.88	-	14.81	13.75	4.67	3.99	1.17	1.25	12.36					
826	13.89	-	13.63	13.15	4.33	4.02	1.08	1.27	10.71					
827	13.91	-	14.01	13.33	4.40	4.09	1.08	1.31	15.35					
828	13.93	-	13.54	13.53	4.84	3.72	1.30	1.13	25.23					
829	13.94	-	12.96	12.97	4.24	3.99	1.06	1.31	42.25					
830	13.96	-	14.27	13.52	4.45	4.15	1.07	1.39	34.04					
831	13.98	-	15.58	14.10	4.80	4.20	1.14	1.42	21.75					
832	14.00	-	15.42	14.03	4.79	4.15	1.15	1.42	16.96					
833	14.01	-	15.16	13.92	4.73	4.10	1.15	1.44	17.46					
834	14.03	-	15.45	14.06	4.80	4.11	1.17	1.46	15.93					
835	14.05	-	15.46	14.12	4.91	4.06	1.21	1.46	15.91					
836	14.06	-	14.67	13.70	4.68	3.99	1.17	1.46	12.28					
837	14.08	-	14.62	13.68	4.73	3.95	1.20	1.41	8.02					
838	14.10	-	14.64	13.67	4.68	3.98	1.17	1.38	7.86					
839	14.11	-	14.83	13.77	4.78	3.96	1.21	1.35	11.70					
840	14.13	-	14.94	13.78	4.71	4.03	1.17	1.28	14.25					
841	14.15	-	14.26	13.45	4.56	3.96	1.15	1.26	13.12					
842	14.16	-	14.84	13.75	4.66	3.92	1.19	1.22	12.72					
843	14.18	-	14.96	13.85	4.78	3.93	1.22	1.24	13.86					
844	14.20	-	14.11	13.40	4.47	3.98	1.12	1.25	11.18					
845	14.21	-	13.22	12.95	4.28	3.98	1.08	1.25	16.99					
846	14.23	-	12.76	13.99	5.05	3.79	1.33	1.22	24.09					
847	14.25	-	11.82	12.40	4.15	3.58	1.16	1.27	44.43					
848	14.27	-	13.21	12.98	4.31	3.98	1.08	1.34	33.96					
849	14.28	-	15.33	13.99	4.76	4.27	1.11	1.41	22.13					
850	14.30	-	15.48	14.05	4.84	4.14	1.17	1.40	18.89					
851	14.32	-	15.22	13.93	4.74	4.08	1.16	1.42	18.13					
852	14.33	-	15.04	13.86	4.70	4.04	1.16	1.43	18.30					
853	14.35	-	14.95	13.84	4.71	4.02	1.17	1.46	18.57					
854	14.37	-	14.57	13.67	4.65	3.92	1.18	1.44	15.22					
855	14.38	-	14.45	13.61	4.73	3.89	1.22	1.38	11.26					
856	14.40	-	14.53	13.67	4.76	3.90	1.22	1.37	9.97					
857	14.42	-	14.57	13.67	4.76	3.93	1.21	1.33	11.70					
858	14.43	-	14.98	13.83	4.81	4.01	1.20	1.27	16.38					
859	14.45	-	14.94	13.83	4.84	4.05	1.20	1.26	16.46					
860	14.47	-	14.74	13.70	4.73	3.97	1.19	1.24	16.05					
861	14.48	-	14.85	13.77	4.73	3.93	1.20	1.23	14.61					
862	14.50	-	14.59	13.62	4.60	4.06	1.13	1.24	12.28					
863	14.52	-	13.64	13.15	4.35	4.04	1.08	1.25	12.48					
864	14.54	-	13.31	12.97	4.30	3.98	1.08	1.22	12.40					
865	14.55	-	13.18	12.97	4.24	4.03	1.05	1.28	41.39					
866	14.57	-	12.84	12.81	4.23	3.90	1.08	1.33	39.82					
867	14.59	-	15.46	14.01	4.70	4.26	1.10	1.41	27.01					
868	14.60	-	15.23	13.92	4.75	4.17	1.14	1.43	19.40					
869	14.62	-	15.33	13.99	4.84	4.14	1.17	1.44	19.24					
870	14.64	-	15.58	14.14	4.90	4.11	1.19	1.46	20.75					
871	14.65	-	15.25	14.03	4.85	4.02	1.21	1.47	18.16					
872	14.67	-	14.83	13.77	4.68	3.99	1.17	1.44	15.69					
873	14.69	-	14.84	13.83	4.83	3.90	1.24	1.40	13.84					
874	14.70	-	14.82	13.81	4.88	3.92	1.24	1.37	10.92					
875	14.72	-	14.15	13.46	4.68	3.88	1.21	1.35	11.80					
876	14.74	-	14.66	13.70	4.78	3.96	1.21	1.32	17.31					
877	14.75	-	14.71	13.71	4.77	3.97	1.20	1.27	19.06					
878	14.77	-	13.59	13.13	4.41	3.96	1.11	1.23	14.52					
879	14.79	-	13.74	13.23	4.47	3.89	1.15	1.21	12.88					
880	14.81	-	14.15	13.45	4.52	3.97	1.14	1.25	12.66					
881	14.82	-	14.27	13.44	4.46	4.01	1.11	1.26	12.14					
882	14.84	-	13.77	13.23	4.42	3.97	1.11	1.28	14.64					
883	14.86	-	13.26	13.04	4.40	3.84	1.15	1.21	23.44					
884	14.87	-	11.13	11.92	3.90	3.66	1.06	1.12	36.64					
885	14.89	-	14.05	13.36	4.34	4.19	1.04	1.37	33.19					
886	14.91	-	14.50	13.57	4.46	4.15	1.07	1.43	28.11					
887	14.92	-	14.60	13.68	4.63	4.08	1.14	1.45	28.45					
888	14.94	-	14.67	13.70	4.64	4.07	1.14	1.47	22.72					
889	14.96	-	14.90	13.84	4.73	3.97	1.19	1.51	19.76					
890	14.97	-	14.61	13.66	4.60	3.96	1.16	1.51	19.82					
891	14.99	-	14.76	13.77	4.75	3.91	1.21	1.51	19.37					
892	15.01	-	15.13	13.90	4.76	3.99	1.19	1.49	21.34					
893	15.02	-	14.93	13.87	4.79	3.95	1.21	1.51	18.60					
894	15.04	-	15.02	13.88	4.80	4.00	1.20	1.48	19.90					
895	15.06	-	14.87	13.80	4.76	4.00	1.19	1.46	21.27					
896	15.08	-	14.70	13.73	4.78	3.96	1.21	1.43	22.27					
897	15.09	-	13.76	13.27	4.54	3.93	1.15	1.34	18.59					
898	15.11	-	13.09	12.91	4.38	3.82	1.15	1.27	14.94					
899	15.13	-	13.44	13.06	4.38	3.88	1.13	1.22	8.50					
900	15.14	-	13.47	13.11	4.42	3.85	1.15	1.23	10.91					
901	15.16	-	14.01	13.37	4.50	3.97	1.13	1.26	13.79					
902	15.18	-	9.40	11.06	3.79	3.13	1.21	0.90	31.33					
903	15.19	-	12.36	12.62	4.17	3.76	1.11	1.22	38.94					
904	15.21	-	14.71	13.68	4.53	4.14	1.10	1.46	29.62					
905	15.23	-	14.72	13.66	4.54	4.08	1.11	1.49	29.02					
906	15.24	D	13.39	13.01	4.36	3.91	1.13	1.49	26.00					
907	15.26	-	14.45	13.58	4.53	4.00	1.13	1.54	24.95					
908	15.28	-	14.41	13.61	4.62	3.96	1.17	1.53	23.09					
909	15.29	-	14.23	13.52	4.53	3.92	1.16	1.55	21.54					
910	15.31	-	14.34	13.53	4.53	3.94	1.15	1.49	20.58					
911	15.33	-	14.74	13.74	4.63	3.98	1.16	1.49	20.55					
912	15.34	-	14.57	13.62	4.60	3.98	1.16	1.48	21.74					
913	15.36	-	14.70	13.70	4.68	4.01	1.17	1.44	21.70					
914	15.38	-	14.31	13.51	4.61	3.91	1.18	1.39	25.14					
915	15.40	-	13.96	13.36	4.57	3.88	1.18	1.34	26.28					
916	15.41	-	12.21	12.44	4.11	3.82	1.07	1.15	17.93					
917	15.43	-	13.29	12.97	4.32	3.92	1.10	1.19	15.05					
918	15.45	S	13.38	13.01	4.33	3.89	1.11	1.18	16.86					
919	15.46	-	13.84	13.26	4.40	3.97	1.11	1.21	19.27					
920	15.48	-	13.50	13.23	4.45	4.00	1.11	1.25	29.04					
921	15.50	-	11.26	11.94	3.88	3.70	1.05	1.12	41.20					
922	15.51	-	12.15	12.45	4.17	3.74	1.12	1.21	30.09					
923	15.53	-	15.02	13.83	4.61	4.17	1.11	1.45	29.52					
924	15.55	-	15.46	14.06	4.85	4.14	1.17	1.48	26.25					
925	15.56	-	14.88	13.79	4.66	4.04	1.15	1.49	24.61					
926	15.58	D	13.84	13.26	4.44	3.99	1.14	1.52	24.40					
927	15.60	-	14.93	13.82	4.68	4.03	1.16	1.50	23.33					
928	15.61	-	14.65	13.70	4.62	3.96	1.17	1.51	22.40					
929	15.63	-	14.78	13.78	4.73	3.92	1.21	1.48	19.77					
930	15.65	-	14.75	13.77	4.77	3.93	1.21	1.47	20.46					
931	15.67	-	14.98	13.87	4.80	3.97	1.21	1.46	21.59					
932	15.68	-	14.81	13.79	4.77	4.00	1.19	1.40	23.18					
933	15.70	-	14.75	13.70	4.64	4.03	1.15	1.37	28.10					
934	15.72	-	14.45	13.59	4.64	3.94	1.18	1.31	28.17					
935	15.73	-	12.72	12.69	4.13	3.90	1.06	1.20	18.41					
936	15.75	S	12.90	12.76	4.28	3.82	1.15	1.16	18.56					
937	15.77	-	13.57	13.11	4.37	3.89	1.12	1.18	19.77					
938	15.78	-	13.25	12.97	4.27	3.90	1.09	1.21	24.27					
939	15.80	-	11.48	12.16	4.05	3.63	1.12	1.11	37.70					
940	15.82	-	11.37	12.08	4.19	3.62	1.16	1.12	43.46					
941	15.83	-	13.48	13.09	4.24	4.06	1.04	1.33	36.56					
942	15.85	-	15.11	13.89	4.68	4.24	1.10	1.46	29.89					
943	15.87	-	15.27	14.04	4.87	4.16	1.17	1.44	27.61					
944	15.88	-	15.02	13.89	4.77	4.11	1.16	1.47	26.30					
945	15.90	D	14.31	13.46	4.51	4.07	1.19	1.50	24.77					
946	15.92	-	14.85	13.80	4.74	4.02	1.18	1.49	23.05					
947	15.94	-	14.20	13.51	4.58	3.88	1.18	1.49	20.81					
948	15.95	-	14.55	13.68	4.69	3.88	1.21	1.47	20.77					
949	15.97	-	14.61	13.69	4.70	3.93	1.20	1.46	21.06					
950	15.99	-	14.49	13.62	4.64	3.92	1.18	1.42	21.84					
951	16.00	-	14.82	13.80	4.81	3.97	1.21	1.36	25.36					
952	16.02	-	14.61	13.66	4.70	3.98	1.18	1.33	28.58					
953	16.04	-	13.84	13.31	4.57	3.87	1.18	1.25	25.96					
954	16.05	S	12.89	12.77	4.22	3.84	1.11	1.16	16.71					
955	16.07	-	13.41	13.03	4.38	3.89	1.13	1.16	20.92					
956	16.09	-	13.33	12.99	4.31	3.89	1.11	1.18	24.19					
957	16.10	-	13.37	13.06	4.36	4.00	1.09	1.23	27.24					
958	16.12	-	9.56	11.06	3.74	3.27	1.15	0.99	43.90					
959	16.14	-	10.41	11.52	3.80	3.54	1.07	1.05	40.48					
960	16.15	-	14.85	13.74	4.53	4.23	1.07	1.43	34.16					
961	16.17	-	15.13	13.94	4.77	4.17	1.14	1.45	30.59					
962	16.19	-	15.03	13.87	4.70	4.12	1.14	1.48	27.26					
963	16.21	D	14.33	13.50	4.56	3.96	1.13	1.50	26.30					
964	16.22	-	14.82	13.81	4.67	4.00	1.17	1.51	24.83					
965	16.24	-	14.63	13.70	4.65	3.94	1.18	1.49	25.62					
966	16.26	-	14.57	13.71	4.65	3.89	1.20	1.51	21.73					
967	16.27	-	14.45	13.63	4.65	3.89	1.19	1.48	22.45					
968	16.29	-	14.35	13.55	4.59	3.95	1.16	1.46	22.86					
969	16.31	-	14.37	13.56	4.62	3.94	1.17	1.38	25.90					
970	16.32	-	14.16	13.48	4.56	3.90	1.17	1.35	29.86					
971	16.34	-	14.14	13.46	4.59	3.93	1.17	1.31	30.69					
972	16.36	-	13.56	13.17	4.44	3.85	1.15	1.21	26.44					
973	16.37	-	12.96	12.85	4.33	3.89	1.11	1.15	22.80					
974	16.39	S	12.77	12.70	4.20	3.86	1.12	1.17	24.70					
975	16.41	-	13.35	13.01	4.29	3.93	1.09	1.21	27.43					
976	16.42	-	12.06	12.51	4.10	3.74	1.10	1.12	29.81					
977	16.44	-	11.30	12.04	4.13	3.55	1.17	1.20	47.57					
978	16.46	-	12.65	12.71	4.20	3.92	1.07	1.28	34.21					
979	16.48	-	15.30	13.98	4.73	4.21	1.12	1.47	33.12					
980	16.49	-	14.90	13.78	4.62	4.10	1.13	1.51	30.95					
981	16.51	-	14.71	13.73	4.62	4.05	1.14	1.54	29.22					
982	16.53	D	14.65	13.64	4.56	4.01	1.14	1.56	29.30					
983	16.54	-	14.83	13.82	4.70	4.01	1.17	1.55	27.73					
984	16.56	-	14.33	13.56	4.53	3.91	1.16	1.53	25.43					
985	16.58	-	14.56	13.66	4.60	3.93	1.17	1.48	25.58					
986	16.59	-	14.59	13.70	4.63	3.94	1.18	1.49	25.23					
987	16.61	-	14.95	13.80	4.68	4.08	1.14	1.45	28.83					
988	16.63	-	14.25	13.51	4.60	3.92	1.18	1.39	28.66					
989	16.64	-	14.23	13.49	4.55	3.91	1.16	1.37	31.88					
990	16.66	-	13.56	13.19	4.48	3.80	1.18	1.30	32.89					
991	16.68	S	13.34	13.01	4.35	3.83	1.17	1.25	29.00					
992	16.69	-	12.35	12.52	4.19	3.76	1.11	1.17	26.68					
993	16.71	-	12.40	12.55	4.12	3.88	1.06	1.20	30.07					
994	16.73	-	12.56	12.60	4.11	3.92	1.05	1.21	32.26					
995	16.75	-	9.78	11.20	3.85	3.16	1.22	0.98	51.77					
996	16.76	-	11.01	11.86	3.97	3.41	1.17	1.23	47.51					
997	16.78	-	14.29	13.52	4.47	4.09	1.09	1.45	48.26					
998	16.80	-	13.84	13.32	4.50	3.92	1.15	1.48	49.38					
999	16.81	D	12.29	12.50	4.15	3.72	1.14	1.49	46.37					
1000	16.83	-	12.81	12.88	4.41	3.61	1.22	1.51	43.31					
1001	16.85	-	13.00	12.94	4.43	3.68	1.20	1.52	43.21					
1002	16.86	-	12.40	12.62	4.33	3.59	1.21	1.50	41.60					
1003	16.88	-	12.99	12.91	4.36	3.69	1.18	1.51	38.11					
1004	16.90	-	13.03	12.94	4.40	3.71	1.19	1.48	40.95					
1005	16.91	-	13.25	12.99	4.36	3.82	1.14	1.45	43.45					
1006	16.93	-	13.08	12.93	4.40	3.86	1.14	1.39	46.30					
1007	16.95	-	12.98	12.85	4.35	3.79	1.15	1.38	49.06					
1008	16.96	-	12.94	12.82	4.23	3.90	1.08	1.34	46.13					
1009	16.98	-	12.68	12.71	4.25	3.87	1.10	1.26	43.06					
1010	17.00	-	12.63	12.67	4.22	3.87	1.09	1.22	41.11					
1011	17.01	-	12.66	12.66	4.22	3.91	1.08	1.19	42.70					
1012	17.03	S	12.43	12.56	4.09	3.85	1.08	1.21	43.29					
1013	17.05	-	11.74	12.22	3.99	3.69	1.08	1.05	45.28					
1014	17.07	-	10.03	11.49	4.10	2.98	1.38	1.17	64.71					
1015	17.08	-	10.54	11.60	3.94	3.31	1.19	1.19	56.77					
1016	17.10	-	14.03	13.38	4.39	4.04	1.09	1.43	50.08					
1017	17.12	-	13.31	13.04	4.28	3.90	1.10	1.48	43.62					
1018	17.13	-	13.71	13.23	4.39	3.90	1.13	1.53	46.13					
1019	17.15	D	12.32	12.50	4.14	3.80	1.17	1.56	42.28					
1020	17.17	-	13.19	13.07	4.43	3.64	1.22	1.57	40.87					
1021	17.18	-	12.66	12.82	4.46	3.52	1.27	1.56	38.34					
1022	17.20	-	12.39	12.66	4.39	3.51	1.25	1.55	37.59					
1023	17.22	-	12.23	12.52	4.34	3.57	1.22	1.52	38.10					
1024	17.23	-	11.72	12.27	4.28	3.47	1.23	1.53	39.52					
1025	17.25	-	11.83	12.40	4.30	3.39	1.27	1.54	43.37					
1026	17.27	-	12.05	12.44	4.24	3.55	1.20	1.52	42.69					
1027	17.28	-	11.55	12.19	4.15	3.52	1.18	1.42	42.15					
1028	17.30	-	11.86	12.28	4.13	3.65	1.13	1.36	36.91					
1029	17.32	S	11.63	12.17	4.06	3.58	1.15	1.26	34.35					
1030	17.33	-	11.89	12.30	4.13	3.63	1.14	1.28	36.33					
1031	17.35	-	11.50	12.09	3.97	3.64	1.09	1.28	34.56					
1032	17.37	-	9.94	11.44	4.02	2.88	1.40	1.13	58.97					
1033	17.38	-	8.50	10.61	3.87	2.67	1.45	1.20	54.20					
1034	17.40	-	13.15	13.13	4.74	3.62	1.31	1.71	43.28					
1035	17.42	-	11.75	12.38	4.39	3.42	1.28	1.64	41.69					
1036	17.43	-	12.43	12.73	4.41	3.57	1.24	1.73	40.88					
1037	17.45	D	11.99	12.40	4.28	3.65	1.27	1.69	41.01					
1038	17.47	-	12.36	12.69	4.45	3.50	1.27	1.72	38.25					
1039	17.49	-	12.40	12.70	4.46	3.53	1.26	1.67	38.02					
1040	17.50	-	12.20	12.54	4.45	3.49	1.27	1.68	37.64					
1041	17.52	-	12.59	12.75	4.48	3.53	1.27	1.71	39.44					
1042	17.54	-	12.10	12.50	4.44	3.47	1.28	1.67	38.28					
1043	17.55	-	12.72	12.82	4.42	3.58	1.23	1.68	40.53					
1044	17.57	-	11.90	12.34	4.22	3.60	1.17	1.60	40.58					
1045	17.59	-	12.04	12.46	4.33	3.57	1.21	1.49	46.16					
1046	17.60	-	12.09	12.43	4.12	3.71	1.11	1.39	41.39					
1047	17.62	-	12.65	12.69	4.23	3.75	1.13	1.36	39.28					
1048	17.64	-	12.52	12.60	4.16	3.82	1.09	1.30	38.91					
1049	17.65	S	12.16	12.39	4.06	3.82	1.07	1.33	38.68					
1050	17.67	-	12.10	12.41	4.09	3.77	1.09	1.19	41.36					
1051	17.69	-	9.27	11.02	4.02	2.87	1.40	1.21	55.09					
1052	17.70	-	11.96	12.69	4.74	3.14	1.51	1.61	48.30					
1053	17.72	-	13.38	13.17	4.57	3.69	1.24	1.65	44.83					
1054	17.74	-	12.67	12.88	4.47	3.52	1.27	1.62	45.38					
1055	17.75	D	12.68	12.67	4.20	3.79	1.28	1.69	46.64					
1056	17.77	-	13.36	13.14	4.56	3.63	1.26	1.70	42.96					
1057	17.79	-	13.06	13.06	4.62	3.44	1.34	1.68	43.66					
1058	17.80	-	12.79	12.89	4.55	3.56	1.28	1.68	41.32					
1059	17.82	-	12.78	12.86	4.54	3.55	1.28	1.64	41.68					
1060	17.84	-	12.84	12.83	4.42	3.66	1.21	1.62	41.48					
1061	17.86	-	12.51	12.67	4.40	3.63	1.21	1.60	40.53					
1062	17.87	-	13.30	13.05	4.42	3.88	1.14	1.61	45.87					
1063	17.89	-	11.88	12.40	4.15	3.64	1.14	1.43	39.71					
1064	17.91	-	11.82	12.31	4.18	3.65	1.14	1.37	43.66					
1065	17.92	-	12.56	12.64	4.15	3.79	1.10	1.33	38.90					
1066	17.94	-	12.16	12.41	4.12	3.77	1.09	1.31	36.94					
1067	17.96	-	8.13	10.37	3.83	2.67	1.43	1.14	57.43					
1068	17.97	S	12.40	12.55	4.12	3.83	1.07	1.30	41.56					
1069	17.99	-	7.93	10.12	3.58	2.78	1.29	0.93	60.24					
1070	18.01	-	7.86	10.29	3.92	2.51	1.56	1.16	57.60					
1071	18.02	-	13.61	13.22	4.64	3.73	1.24	1.59	44.66					
1072	18.04	-	13.85	13.36	4.72	3.69	1.28	1.64	45.84					
1073	18.06	D	13.32	12.99	4.38	3.89	1.24	1.74	43.06					
1074	18.07	-	13.33	13.14	4.62	3.59	1.29	1.70	42.71					
1075	18.09	-	13.51	13.23	4.62	3.68	1.25	1.72	40.06					
1076	18.11	-	13.01	12.99	4.63	3.53	1.31	1.73	39.29					
1077	18.12	-	12.67	12.80	4.51	3.61	1.25	1.72	37.02					
1078	18.14	-	13.03	12.99	4.56	3.65	1.25	1.71	37.35					
1079	18.16	-	12.61	12.76	4.43	3.59	1.23	1.67	38.45					
1080	18.18	-	12.49	12.66	4.40	3.64	1.21	1.64	38.84					
1081	18.19	-	12.64	12.73	4.26	3.68	1.16	1.57	41.14					
1082	18.21	-	12.94	12.85	4.29	3.77	1.14	1.56	43.36					
1083	18.23	-	12.84	12.82	4.34	3.79	1.14	1.47	42.36					
1084	18.24	-	12.22	12.48	4.19	3.63	1.15	1.36	37.58					
1085	18.26	-	10.56	11.70	3.96	3.18	1.24	1.23	34.06					
1086	18.28	S	12.49	12.60	4.24	3.83	1.29	1.19	36.84					
1087	18.29	-	9.33	10.99	3.89	2.96	1.32	1.08	34.92					
1088	18.31	-	8.39	10.56	3.87	2.65	1.46	1.16	51.11					
1089	18.33	-	9.87	11.29	3.91	3.28	1.19	1.22	41.77					
1090	18.34	-	13.00	12.97	4.59	3.68	1.25	1.65	42.97					
1091	18.36	-	13.19	13.04	4.46	3.71	1.20	1.68	42.41					
1092	18.38	D	13.30	12.97	4.29	3.89	1.25	1.71	41.14					
1093	18.39	-	13.26	13.06	4.55	3.72	1.22	1.74	40.21					
1094	18.41	-	13.02	12.96	4.59	3.64	1.26	1.74	38.80					
1095	18.43	-	12.92	12.87	4.47	3.70	1.21	1.69	38.20					
1096	18.44	-	12.84	12.84	4.53	3.67	1.23	1.70	38.18					
1097	18.46	-	13.10	12.96	4.48	3.75	1.20	1.68	37.64					
1098	18.48	-	12.75	12.76	4.40	3.72	1.18	1.66	37.82					
1099	18.50	-	11.88	12.34	4.25	3.55	1.20	1.57	39.37					
1100	18.51	-	11.28	12.00	4.02	3.55	1.13	1.47	41.25					
1101	18.53	-	12.13	12.44	4.22	3.62	1.17	1.57	40.74					
1102	18.55	-	12.06	12.37	4.11	3.66	1.12	1.49	38.49					
1103	18.56	-	6.14	8.97	3.17	2.44	1.30	0.65	38.00					
1104	18.58	-	7.99	12.46	4.66	2.07	2.24	0.66	324.25					
1105	18.60	-	2.50	6.21	2.47	1.24	1.99	0.70	295.98					
1106	18.61	-	0.94	3.45	1.15	1.03	1.11	0.15	301.93					
1107	18.63	-	0.98	3.51	1.17	1.07	1.09	0.16	315.30					
1108	18.65	-	0.95	3.47	1.13	1.05	1.07	0.17	312.08					
1109	18.66	-	0.87	3.33	1.10	1.02	1.08	0.18	313.03					
1110	18.68	-	0.83	3.25	1.04	1.01	1.03	0.16	304.13					
1111	18.70	-	0.98	3.52	1.16	1.07	1.09	0.18	304.65					
1112	18.71	-	0.88	3.35	1.10	1.02	1.08	0.16	307.89					
1113	18.73	-	0.98	3.52	1.16	1.07	1.09	0.18	313.76					
1114	18.75	-	1.07	3.69	1.23	1.12	1.09	0.18	306.38					
1115	18.76	-	1.19	3.88	1.30	1.17	1.11	0.18	311.21					
1116	18.78	-	1.06	3.66	1.20	1.13	1.06	0.19	315.35					
1117	18.80	-	1.13	3.78	1.26	1.15	1.10	0.16	298.72					
1118	18.82	-	1.15	3.82	1.24	1.20	1.04	0.19	305.94					
1119	18.83	-	1.13	3.78	1.25	1.15	1.08	0.17	297.11					
1120	18.85	-	1.15	3.81	1.27	1.15	1.10	0.16	296.64					
1121	18.87	-	1.28	4.03	1.35	1.19	1.14	0.19	313.56					
1122	18.88	-	1.26	3.99	1.32	1.20	1.10	0.19	301.89					
1123	18.90	-	1.31	4.07	1.35	1.23	1.10	0.18	313.70					
1124	18.92	-	1.33	4.10	1.34	1.23	1.09	0.18	314.09					
1125	18.93	-	1.48	4.32	1.45	1.33	1.09	0.19	317.81					
1126	18.95	-	1.17	3.85	1.28	1.14	1.12	0.13	309.51					
1127	18.97	-	1.36	4.14	1.37	1.26	1.09	0.21	327.85					
1128	18.98	-	1.23	3.93	1.29	1.20	1.08	0.17	322.66					
1129	19.00	-	1.10	3.73	1.27	1.10	1.16	0.19	325.74					
1130	19.02	-	0.84	3.26	1.09	0.96	1.13	0.12	323.25					
1131	19.03	-	4.88	8.52	3.22	2.13	1.51	0.80	330.34					
1132	19.05	-	8.32	10.95	4.20	2.31	1.82	0.56	36.41					
1133	19.07	S	14.01	13.43	4.73	3.72	1.58	1.19	57.17					
1134	19.08	-	10.26	11.93	4.49	2.73	1.65	1.28	54.48					
1135	19.10	-	12.24	12.94	4.83	2.96	1.63	1.45	52.61					
1136	19.12	-	11.87	12.70	4.76	3.00	1.59	1.48	56.75					
1137	19.13	-	10.04	11.68	4.48	2.78	1.61	1.44	64.92					
1138	19.15	-	10.48	11.78	4.38	3.05	1.44	1.44	64.88					
1139	19.17	-	10.86	11.94	4.37	3.13	1.39	1.49	68.79					
1140	19.18	D	10.74	11.72	4.03	3.41	1.31	1.37	68.11					
1141	19.20	-	10.13	11.40	4.01	3.24	1.24	1.32	73.94					
1142	19.22	-	9.95	11.32	4.03	3.11	1.30	1.25	73.84					
1143	19.23	-	10.07	11.36	4.00	3.18	1.26	1.25	74.25					
1144	19.25	-	9.77	11.28	4.09	3.02	1.35	1.30	78.05					
1145	19.27	-	10.64	11.95	4.40	2.93	1.50	1.55	73.79					
1146	19.28	-	10.90	12.20	4.60	2.86	1.61	1.55	67.85					
1147	19.30	-	10.02	11.38	4.03	3.10	1.30	1.28	61.09					
1148	19.32	-	10.42	11.76	4.34	2.93	1.48	1.48	62.12					
1149	19.33	-	11.02	12.02	4.44	3.17	1.40	1.46	58.88					
1150	19.35	-	10.72	11.85	4.31	3.08	1.40	1.48	59.09					
1151	19.37	S	13.23	13.01	4.53	3.75	1.47	1.50	59.04					
1152	19.38	-	11.13	12.15	4.48	3.06	1.47	1.53	59.73					
1153	19.40	-	11.30	12.21	4.55	3.15	1.45	1.51	62.68					
1154	19.42	-	11.65	12.33	4.48	3.24	1.38	1.50	61.25					
1155	19.43	-	10.74	11.91	4.37	3.04	1.44	1.51	64.03					
1156	19.45	-	10.85	11.90	4.30	3.12	1.38	1.52	65.76					
1157	19.47	-	10.86	11.95	4.36	3.10	1.41	1.54	70.21					
1158	19.48	-	10.57	11.72	4.26	3.21	1.33	1.37	67.89					
1159	19.50	D	11.34	11.97	3.97	3.67	1.32	1.37	67.37					
1160	19.52	-	9.94	11.28	3.91	3.17	1.23	1.22	69.67					
1161	19.53	-	10.00	11.34	3.98	3.12	1.28	1.32	70.46					
1162	19.55	-	9.66	11.10	3.85	3.20	1.20	1.13	77.72					
1163	19.57	-	8.42	10.52	3.88	2.81	1.38	1.22	77.39					
1164	19.58	-	10.45	11.88	4.49	2.87	1.56	1.46	68.74					
1165	19.60	-	11.27	12.42	4.68	2.88	1.63	1.58	63.95					
1166	19.62	-	11.50	12.48	4.69	3.01	1.56	1.56	66.29					
1167	19.63	-	11.26	12.31	4.58	3.07	1.49	1.46	63.87					
1168	19.65	-	11.46	12.50	4.68	2.92	1.60	1.54	62.93					
1169	19.67	S	13.61	13.16	4.44	3.89	1.48	1.39	59.84					
1170	19.68	-	11.72	12.50	4.66	3.15	1.48	1.53	62.72					
1171	19.70	-	11.26	12.25	4.59	3.08	1.49	1.55	65.20					
1172	19.72	-	11.46	12.40	4.67	3.08	1.52	1.68	67.10					
1173	19.73	-	9.65	11.35	4.26	2.89	1.47	1.35	69.76					
1174	19.75	-	11.25	12.23	4.57	3.13	1.46	1.58	68.13					
1175	19.77	-	12.03	12.67	4.73	3.18	1.49	1.60	70.00					
1176	19.78	-	11.88	12.48	4.52	3.29	1.37	1.54	69.92					
1177	19.80	D	11.03	11.86	4.08	3.44	1.38	1.51	70.30					
1178	19.82	-	11.17	11.94	4.14	3.39	1.22	1.37	73.37					
1179	19.83	-	9.89	11.22	3.86	3.21	1.20	1.21	75.02					
1180	19.85	-	10.75	11.73	4.07	3.29	1.24	1.34	78.30					
1181	19.87	-	9.33	11.00	3.90	2.99	1.31	1.12	83.44					
1182	19.88	-	8.79	10.83	4.04	2.72	1.48	1.15	77.24					
1183	19.90	-	10.44	11.86	4.49	2.87	1.56	1.40	72.58					
1184	19.92	-	10.48	11.88	4.52	3.00	1.51	1.38	66.94					
1185	19.93	-	11.23	12.26	4.51	3.19	1.42	1.46	66.86					
1186	19.95	-	11.54	12.40	4.54	3.18	1.43	1.50	65.28					
1187	19.97	S	12.62	12.66	4.29	3.70	1.54	1.61	65.86					
1188	19.98	-	11.79	12.58	4.65	3.16	1.47	1.57	64.22					
1189	20.00	-	11.73	12.65	4.79	2.98	1.61	1.63	67.12					
1190	20.02	-	11.78	12.56	4.59	3.08	1.49	1.66	64.09					
1191	20.03	-	11.38	12.27	4.53	3.15	1.44	1.60	63.24					
1192	20.05	-	10.76	11.97	4.46	3.02	1.48	1.55	63.47					
1193	20.07	-	10.37	11.61	4.16	3.08	1.35	1.45	62.19					
1194	20.09	-	10.15	11.45	4.08	3.13	1.30	1.38	62.73					
1195	20.10	D	9.98	11.25	3.86	3.33	1.29	1.40	64.85					
1196	20.12	-	10.84	11.80	4.13	3.26	1.27	1.40	65.95					
1197	20.14	-	11.07	11.91	4.17	3.40	1.22	1.39	69.92					
1198	20.15	-	9.73	11.21	3.95	3.08	1.28	1.23	71.91					
1199	20.17	-	10.04	11.41	4.09	3.08	1.33	1.22	72.04					
1200	20.19	-	8.63	10.55	3.74	2.88	1.30	1.05	84.11					
1201	20.20	-	9.17	11.12	4.19	2.75	1.53	1.28	74.02					
1202	20.22	-	9.98	11.62	4.44	2.82	1.57	1.37	71.39					
1203	20.24	-	9.57	11.24	4.10	2.84	1.44	1.27	67.91					
1204	20.25	-	11.40	12.33	4.55	3.07	1.48	1.54	63.83					
1205	20.27	-	11.28	12.35	4.67	2.97	1.57	1.54	63.09					
1206	20.29	-	11.49	12.39	4.56	3.04	1.50	1.59	61.65					
1207	20.30	S	12.12	12.49	6.84	5.47	1.51	1.67	61.96					
1208	20.32	-	11.28	12.35	4.69	2.98	1.57	1.59	62.03					
1209	20.34	-	12.06	12.80	4.81	3.03	1.59	1.72	62.91					
1210	20.35	-	10.81	12.05	4.55	3.00	1.52	1.62	65.57					
1211	20.37	-	11.57	12.43	4.65	3.13	1.49	1.64	64.58					
1212	20.39	-	10.03	11.42	4.05	3.08	1.32	1.45	67.63					
1213	20.40	-	10.49	11.69	4.23	3.12	1.36	1.52	65.88					
1214	20.42	-	10.62	11.74	4.21	3.17	1.33	1.47	67.56					
1215	20.44	-	10.78	11.79	4.22	3.24	1.30	1.43	66.56					
1216	20.45	D	10.11	11.38	4.03	3.26	1.32	1.47	69.45					
1217	20.47	-	11.15	12.01	4.33	3.27	1.32	1.45	73.68					
1218	20.49	-	10.43	11.60	4.14	3.18	1.30	1.38	74.47					
1219	20.50	-	9.50	11.20	4.03	2.84	1.42	1.28	79.16					
1220	20.52	-	9.21	11.08	4.10	2.79	1.47	1.28	74.60					
1221	20.54	-	9.00	10.92	4.01	2.77	1.45	1.39	72.59					
1222	20.55	-	8.98	10.88	3.96	2.78	1.43	1.28	66.92					
1223	20.57	-	10.32	11.61	4.20	3.08	1.36	1.41	66.66					
1224	20.59	-	11.35	12.28	4.56	3.14	1.45	1.51	63.71					
1225	20.60	-	11.22	12.15	4.43	3.12	1.42	1.51	59.76					
1226	20.62	-	11.94	12.59	4.70	3.21	1.46	1.57	60.82					
1227	20.64	S	11.39	12.12	6.79	5.24	1.54	1.65	62.23					
1228	20.65	-	11.92	12.66	4.76	3.08	1.54	1.56	64.09					
1229	20.67	-	11.88	12.61	4.73	3.11	1.52	1.57	65.00					
1230	20.69	-	11.66	12.44	4.61	3.14	1.47	1.56	64.68					
1231	20.70	-	10.91	12.06	4.51	3.05	1.48	1.56	68.02					
1232	20.72	-	10.40	11.70	4.29	3.02	1.42	1.46	65.38					
1233	20.74	-	10.89	11.99	4.35	3.10	1.40	1.53	64.19					
1234	20.75	-	10.08	11.50	4.20	3.13	1.34	1.43	65.70					
1235	20.77	-	10.66	11.75	4.19	3.17	1.32	1.46	65.54					
1236	20.79	-	10.71	11.77	4.16	3.26	1.28	1.36	69.61					
1237	20.80	D	10.41	11.53	3.98	3.28	1.34	1.41	68.46					
1238	20.82	-	8.80	10.79	3.87	2.73	1.42	1.24	75.73					
1239	20.84	-	10.08	11.72	4.45	2.77	1.61	1.56	72.45					
1240	20.85	-	9.03	11.19	4.31	2.57	1.68	1.47	66.01					
1241	20.87	-	10.03	11.74	4.42	2.68	1.65	1.59	62.26					
1242	20.89	-	10.45	12.23	4.62	2.54	1.82	1.70	58.91					
1243	20.91	-	10.77	12.29	4.65	2.68	1.73	1.64	57.72					
1244	20.92	-	9.80	11.78	4.49	2.53	1.77	1.58	54.77					
1245	20.94	-	10.29	12.15	4.66	2.58	1.80	1.69	56.33					
1246	20.96	-	10.84	12.45	4.92	2.70	1.82	1.62	54.20					
1247	20.97	S	10.79	12.12	7.18	4.65	1.84	1.69	55.08					
1248	20.99	-	10.86	12.53	4.94	2.60	1.90	1.55	53.68					
1249	21.01	-	11.27	12.70	5.02	2.73	1.84	1.49	52.47					
1250	21.02	-	11.67	12.98	5.12	2.76	1.85	1.46	53.77					
1251	21.04	-	10.72	12.08	4.60	2.86	1.61	1.37	55.19					
1252	21.06	-	10.67	12.05	4.47	2.82	1.58	1.39	57.27					
1253	21.07	-	10.09	11.59	4.22	2.86	1.47	1.45	59.11					
1254	21.09	D	9.52	11.02	3.85	3.19	1.34	1.34	61.94					
1255	21.11	-	9.59	11.18	3.98	2.92	1.36	1.30	63.87					
1256	21.12	-	10.08	11.47	4.05	2.99	1.36	1.42	64.52					
1257	21.14	-	9.02	10.90	3.92	2.80	1.40	1.25	67.20					
1258	21.16	-	9.78	11.66	4.46	2.69	1.66	1.53	60.39					
1259	21.17	-	10.31	12.28	4.85	2.48	1.96	1.71	56.26					
1260	21.19	-	10.56	12.33	4.79	2.56	1.87	1.74	55.48					
1261	21.21	-	10.71	12.41	4.81	2.56	1.88	1.74	55.32					
1262	21.22	-	10.46	12.20	4.77	2.59	1.84	1.66	55.81					
1263	21.24	S	10.52	11.89	6.99	4.70	1.83	1.70	55.64					
1264	21.26	-	10.80	12.36	4.84	2.67	1.81	1.69	54.69					
1265	21.27	-	10.98	12.43	4.86	2.74	1.77	1.71	54.52					
1266	21.29	-	10.96	12.49	4.89	2.67	1.83	1.74	53.64					
1267	21.31	-	11.76	12.79	4.93	2.87	1.72	1.69	54.74					
1268	21.32	-	12.07	13.05	4.95	2.79	1.77	1.66	52.69					
1269	21.34	-	12.09	13.01	4.93	2.84	1.73	1.52	54.74					
1270	21.36	-	10.99	12.35	4.61	2.76	1.66	1.50	59.03					
1271	21.37	-	11.19	12.44	4.71	2.84	1.66	1.58	62.07					
1272	21.39	-	9.44	11.12	4.00	2.86	1.40	1.36	67.30					
1273	21.41	D	9.13	10.83	3.82	3.01	1.33	1.29	68.40					
1274	21.42	-	9.43	11.09	3.99	2.94	1.35	1.33	71.78					
1275	21.44	-	10.43	11.63	4.13	3.10	1.33	1.36	70.29					
1276	21.46	-	8.54	10.61	3.86	2.72	1.42	1.24	76.35					
1277	21.47	-	10.27	11.87	4.63	2.85	1.63	1.55	70.00					
1278	21.49	-	10.85	12.41	4.78	2.63	1.82	1.70	62.97					
1279	21.51	-	11.34	12.90	4.87	2.51	1.94	1.83	60.59					
1280	21.52	-	11.73	12.89	4.94	2.74	1.80	1.80	59.91					
1281	21.54	-	11.35	12.56	4.81	2.79	1.73	1.71	60.12					
1282	21.56	S	10.75	11.95	6.91	4.87	1.76	1.77	57.20					
1283	21.57	-	10.82	12.28	4.73	2.78	1.70	1.73	57.36					
1284	21.59	-	11.26	12.57	4.85	2.80	1.73	1.78	55.71					
1285	21.61	-	10.97	12.37	4.75	2.76	1.72	1.67	55.83					
1286	21.63	-	11.79	12.80	4.86	2.85	1.71	1.64	53.98					
1287	21.64	-	11.09	12.27	4.61	2.96	1.56	1.45	55.00					
1288	21.66	-	11.40	12.59	4.76	2.80	1.70	1.54	57.34					
1289	21.68	-	10.95	12.23	4.59	2.85	1.61	1.48	58.99					
1290	21.69	D	9.10	10.82	3.85	3.02	1.63	1.60	60.37					
1291	21.71	-	9.84	11.53	4.35	2.80	1.55	1.51	65.15					
1292	21.73	-	8.93	10.69	3.62	3.07	1.30	1.28	67.68					
1293	21.74	-	9.38	11.19	4.16	2.84	1.47	1.44	65.74					
1294	21.76	-	9.15	10.94	3.98	2.94	1.35	1.29	66.10					
1295	21.78	-	9.29	11.20	4.24	2.74	1.55	1.43	65.25					
1296	21.79	-	9.97	11.91	4.67	2.62	1.78	1.68	61.34					
1297	21.81	-	11.02	12.58	4.96	2.65	1.87	1.77	56.98					
1298	21.83	-	10.78	12.43	4.88	2.61	1.87	1.75	56.75					
1299	21.84	-	10.77	12.44	4.92	2.62	1.88	1.73	55.85					
1300	21.86	-	10.78	12.39	4.86	2.65	1.83	1.73	54.63					
1301	21.88	S	10.59	11.87	4.46	3.04	1.87	1.78	53.85					
1302	21.89	-	10.99	12.42	4.86	2.77	1.75	1.78	53.22					
1303	21.91	-	11.05	12.51	4.88	2.74	1.78	1.79	53.41					
1304	21.93	-	10.67	12.31	4.83	2.67	1.81	1.70	53.54					
1305	21.94	-	11.18	12.50	4.82	2.78	1.73	1.70	53.89					
1306	21.96	-	10.87	12.34	4.75	2.72	1.74	1.62	54.90					
1307	21.98	-	11.66	12.71	4.91	2.90	1.70	1.64	57.09					
1308	21.99	-	10.20	11.79	4.53	2.84	1.59	1.41	59.33					
1309	22.01	D	9.90	11.28	3.95	3.17	1.64	1.68	55.99					
1310	22.03	-	10.34	11.78	4.31	2.86	1.51	1.55	59.46					
1311	22.04	-	9.98	11.54	4.16	2.84	1.46	1.42	63.23					
1312	22.06	-	10.90	12.10	4.46	2.96	1.50	1.58	61.58					
1313	22.08	-	8.73	10.76	3.94	2.70	1.46	1.20	66.72					
1314	22.09	-	9.67	11.63	4.39	2.57	1.71	1.53	61.19					
1315	22.11	-	10.29	12.01	4.50	2.67	1.68	1.58	51.58					
1316	22.13	-	10.97	12.52	4.85	2.63	1.84	1.73	50.00					
1317	22.14	-	9.69	11.68	4.48	2.53	1.77	1.52	53.26					
1318	22.16	-	10.54	12.21	4.71	2.64	1.79	1.67	47.75					
1319	22.18	-	11.42	12.54	4.76	2.92	1.63	1.76	42.70					
1320	22.19	S	9.99	11.62	6.89	4.48	1.79	1.81	44.46					
1321	22.21	-	11.15	12.57	4.89	2.75	1.78	1.80	41.57					
1322	22.23	-	10.59	12.41	4.90	2.55	1.92	1.74	42.46					
1323	22.24	-	10.99	12.62	4.96	2.60	1.90	1.69	41.70					
1324	22.26	-	11.10	12.88	5.09	2.46	2.07	1.66	41.34					
1325	22.28	-	10.01	12.27	4.83	2.34	2.07	1.52	44.68					
1326	22.30	-	10.47	12.19	4.68	2.63	1.78	1.47	44.06					
1327	22.31	-	10.72	12.66	4.86	2.42	2.01	1.56	47.79					
1328	22.33	-	10.69	12.26	4.62	2.66	1.74	1.49	48.93					
1329	22.35	D	9.50	11.16	4.04	2.89	1.77	1.69	51.36					
1330	22.36	-	10.86	12.33	4.66	2.69	1.73	1.61	54.67					
1331	22.38	-	11.25	12.49	4.79	2.85	1.68	1.68	55.33					
1332	22.40	-	9.29	11.57	4.50	2.38	1.89	1.47	58.09					
1333	22.41	-	11.47	12.84	5.03	2.71	1.85	1.83	50.71					
1334	22.43	-	9.97	12.42	4.94	2.22	2.23	1.75	44.85					
1335	22.45	-	10.25	12.52	5.03	2.31	2.17	1.76	43.93					
1336	22.46	-	10.23	12.53	5.05	2.32	2.18	1.78	41.45					
1337	22.48	-	11.12	12.84	5.03	2.56	1.96	1.84	40.31					
1338	22.50	-	10.54	12.61	5.01	2.42	2.07	1.80	39.45					
1339	22.51	-	10.80	12.81	5.13	2.45	2.09	1.71	38.68					
1340	22.53	-	10.08	12.61	5.11	2.18	2.34	1.70	39.85					
1341	22.55	-	11.54	13.16	5.31	2.62	2.02	1.63	36.68					
1342	22.56	-	10.61	13.09	5.39	2.21	2.43	1.57	37.94					
1343	22.58	S	8.96	11.39	7.02	3.83	2.33	1.58	37.23					
1344	22.60	-	10.80	13.25	5.44	2.24	2.43	1.46	38.66					
1345	22.61	-	11.45	13.45	5.48	2.34	2.35	1.53	36.63					
1346	22.63	-	9.84	12.58	5.09	2.12	2.40	1.35	42.40					
1347	22.65	-	9.87	12.80	5.08	1.91	2.66	1.54	38.95					
1348	22.66	-	10.25	12.69	4.98	2.19	2.28	1.41	38.26					
1349	22.68	-	11.11	12.97	4.98	2.45	2.03	1.61	41.72					
1350	22.70	-	11.20	13.08	5.13	2.38	2.16	1.56	40.42					
1351	22.71	D	10.00	11.98	7.51	4.13	2.29	1.63	42.54					
1352	22.73	-	9.99	12.94	5.32	2.06	2.58	1.69	37.97					
1353	22.75	-	10.76	13.45	5.49	2.17	2.53	1.74	34.79					
1354	22.77	-	10.34	13.19	5.50	2.18	2.52	1.63	34.02					
1355	22.78	-	11.45	13.73	5.63	2.32	2.43	1.63	31.56					
1356	22.80	-	10.94	13.35	5.48	2.22	2.48	1.53	28.91					
1357	22.82	-	11.92	13.77	5.60	2.43	2.30	1.60	29.13					
1358	22.83	-	11.44	13.97	5.90	2.28	2.58	1.44	27.74					
1359	22.85	-	10.38	12.94	5.29	2.20	2.41	1.20	27.40					
1360	22.87	-	11.09	13.74	5.69	2.21	2.57	1.38	27.99					
1361	22.88	-	8.39	11.96	5.21	2.21	2.35	0.83	24.31					
1362	22.90	-	9.54	12.83	5.44	2.00	2.72	1.10	27.20					
1363	22.92	-	8.55	12.27	5.23	1.96	2.67	1.04	31.54					
1364	22.93	-	9.86	13.02	5.51	2.06	2.68	1.29	33.70					
1365	22.95	S	9.53	11.64	7.20	4.03	2.62	1.25	32.03					
1366	22.97	-	8.77	12.08	5.06	2.07	2.44	0.97	35.01					
1367	22.98	-	10.34	12.77	5.20	2.20	2.37	1.42	39.17					
1368	23.00	-	11.94	13.11	5.09	2.75	1.85	1.59	43.13					
1369	23.02	-	10.87	12.96	5.19	2.32	2.23	1.60	42.82					
1370	23.03	-	11.10	13.37	5.20	2.14	2.43	1.53	40.70					
1371	23.05	-	9.92	12.86	5.18	1.95	2.65	1.64	37.78					
1372	23.07	-	10.79	13.43	5.44	2.12	2.57	1.67	30.73					
1373	23.08	-	10.98	13.30	5.30	2.19	2.42	1.72	32.79					
1374	23.10	D	8.86	11.82	7.81	3.53	2.43	1.53	28.87					
1375	23.12	D	8.91	12.08	7.92	3.38	2.30	1.58	32.49					
1376	23.14	-	10.29	13.00	5.31	2.15	2.46	1.55	28.08					
1377	23.15	-	10.86	13.45	5.55	2.26	2.45	1.56	26.61					
1378	23.17	-	10.71	13.32	5.48	2.19	2.50	1.58	28.54					
1379	23.19	-	10.94	13.45	5.48	2.10	2.61	1.55	27.21					
1380	23.20	-	10.47	13.21	5.45	2.10	2.59	1.56	32.57					
1381	23.22	-	9.41	12.57	5.24	2.00	2.62	1.37	30.06					
1382	23.24	-	10.59	13.55	5.67	2.01	2.82	1.54	28.04					
1383	23.25	-	10.03	13.40	5.53	1.80	3.07	1.32	30.18					
1384	23.27	S	9.30	11.42	6.95	4.12	2.84	1.25	27.95					
1385	23.29	-	9.14	12.29	4.90	2.00	2.45	1.11	43.85					
1386	23.30	-	9.83	12.46	5.00	2.25	2.22	1.32	48.12					
1387	23.32	-	11.77	13.16	5.22	2.61	2.00	1.51	42.24					
1388	23.34	-	9.92	12.51	5.02	2.18	2.31	1.43	42.03					
1389	23.35	-	11.25	13.16	5.18	2.34	2.21	1.61	40.92					
1390	23.37	-	10.36	13.32	5.33	1.97	2.70	1.77	33.65					
1391	23.39	-	10.29	13.06	5.31	2.10	2.53	1.69	32.99					
1392	23.40	-	10.38	13.22	5.32	2.09	2.55	1.75	30.97					
1393	23.42	D	8.94	11.86	7.60	3.36	2.34	1.71	29.05					
1394	23.44	-	10.83	13.16	5.28	2.23	2.37	1.73	27.84					
1395	23.45	-	10.62	13.03	5.28	2.23	2.37	1.66	28.90					
1396	23.47	-	10.58	13.10	5.32	2.19	2.42	1.61	29.94					
1397	23.49	-	10.49	13.36	5.67	2.13	2.66	1.45	32.60					
1398	23.51	-	9.42	12.63	5.04	1.94	2.60	1.38	31.69					
1399	23.52	-	8.63	12.31	5.06	1.86	2.72	1.25	37.41					
1400	23.54	-	8.34	12.38	5.26	1.64	3.21	1.26	35.83					
1401	23.56	-	9.32	12.88	5.33	1.78	2.99	1.40	39.34					
1402	23.57	-	10.16	13.22	5.47	1.96	2.78	1.33	39.41					
1403	23.59	S	9.66	11.53	6.98	4.24	2.87	1.17	39.78					
1404	23.61	-	8.54	11.95	4.84	1.95	2.49	1.04	47.99					
1405	23.62	-	8.22	11.41	4.47	2.05	2.18	1.05	51.86					
1406	23.64	-	9.96	12.28	4.77	2.23	2.14	1.41	56.15					
1407	23.66	-	8.86	11.55	4.62	2.29	2.01	1.22	57.67					
1408	23.67	-	9.55	12.10	4.87	2.20	2.21	1.41	59.23					
1409	23.69	-	9.92	12.54	5.11	2.19	2.33	1.68	50.95					
1410	23.71	-	9.60	12.27	5.00	2.19	2.29	1.62	50.90					
1411	23.72	-	10.27	12.56	5.15	2.37	2.17	1.72	49.78					
1412	23.74	-	10.24	12.52	4.99	2.34	2.13	1.70	48.86					
1413	23.76	D	9.05	12.01	5.05	2.28	2.10	1.69	48.74					
1414	23.77	-	10.37	12.59	5.08	2.38	2.14	1.73	49.72					
1415	23.79	-	11.23	13.32	5.47	2.43	2.25	1.69	48.55					
1416	23.81	-	10.80	13.05	5.41	2.45	2.20	1.62	49.88					
1417	23.82	-	10.98	13.33	5.56	2.35	2.36	1.58	48.61					
1418	23.84	-	10.30	13.03	5.36	2.07	2.59	1.56	51.04					
1419	23.86	-	9.90	12.63	5.22	2.18	2.39	1.40	48.71					
1420	23.88	-	9.78	12.68	5.27	2.12	2.49	1.28	52.21					
1421	23.89	-	10.76	12.98	5.14	2.49	2.06	1.19	48.96					
1422	23.91	-	8.35	12.15	4.74	2.11	2.25	0.96	51.84					
1423	23.93	S	9.37	11.45	6.98	4.06	2.08	1.15	59.29					
1424	23.94	-	9.62	11.53	4.28	2.58	1.66	0.95	64.91					
1425	23.96	-	10.72	12.46	4.89	2.61	1.88	1.29	64.09					
1426	23.98	-	10.55	12.45	4.93	2.67	1.85	1.33	63.46					
1427	23.99	-	10.24	12.06	4.74	2.69	1.77	1.30	63.85					
1428	24.01	-	9.43	11.89	4.74	2.33	2.04	1.36	58.52					
1429	24.03	-	9.72	12.56	5.14	2.08	2.47	1.51	53.92					
1430	24.04	-	8.52	11.39	4.77	2.33	2.54	1.62	53.10					
1431	24.06	-	7.61	10.97	4.59	1.96	2.35	1.61	51.50					
1432	24.08	-	7.35	10.66	4.37	2.15	2.27	1.60	51.41					
1433	24.09	D	7.44	10.73	4.42	2.10	2.33	1.61	49.26					
1434	24.11	-	7.73	11.33	4.80	2.05	2.34	1.62	50.61					
1435	24.13	-	7.93	11.35	4.76	2.08	2.38	1.59	47.84					
1436	24.14	-	7.80	11.45	4.88	1.97	2.46	1.59	48.72					
1437	24.16	-	7.75	11.49	4.89	2.01	2.76	1.58	47.67					
1438	24.18	-	7.00	11.02	4.68	1.79	2.82	1.41	49.72					
1439	24.19	-	6.66	10.47	4.37	1.84	2.68	1.45	49.41					
1440	24.21	-	6.76	10.50	4.37	1.80	2.79	1.43	51.86					
1441	24.23	-	7.11	10.47	4.23	1.96	2.49	1.21	53.78					
1442	24.24	-	6.65	9.95	4.04	2.02	2.14	1.20	56.27					
1443	24.26	-	6.94	10.11	4.01	2.19	1.97	1.18	57.97					
1444	24.28	S	7.78	10.67	4.31	2.29	1.96	1.01	60.89					
1445	24.29	-	8.09	10.66	4.09	2.51	2.09	1.25	60.75					
1446	24.31	-	11.54	12.63	4.79	2.88	1.67	1.27	53.72					
1447	24.33	-	9.89	12.07	4.76	2.45	1.95	1.29	55.81					
1448	24.34	-	10.13	13.00	5.35	2.07	2.58	1.48	51.44					
1449	24.36	-	10.78	13.56	5.67	2.16	2.62	1.47	49.92					
1450	24.38	-	10.50	13.50	5.70	2.15	2.65	1.40	48.66					
1451	24.39	-	11.02	13.61	5.63	2.18	2.58	1.30	45.90					
1452	24.41	-	11.82	14.13	5.90	2.28	2.58	1.30	41.61					
1453	24.43	-	10.72	13.88	5.94	2.21	2.68	1.05	43.53					
1454	24.45	-	12.24	14.48	6.10	2.36	2.58	1.32	35.24					
1455	24.46	D	9.18	13.12	8.95	3.00	3.01	1.03	40.26					
1456	24.48	-	11.55	14.10	6.01	2.25	2.67	1.23	35.73					
1457	24.50	-	10.61	13.99	5.90	1.88	3.13	1.11	36.86					
1458	24.51	-	10.74	13.96	5.91	1.99	2.96	1.09	38.29					
1459	24.53	-	10.67	13.80	6.01	2.19	2.74	1.08	41.22					
1460	24.55	-	10.17	13.64	5.88	1.94	3.03	1.24	42.84					
1461	24.56	-	10.97	13.26	5.44	2.32	2.34	1.24	46.92					
1462	24.58	-	11.91	13.11	4.96	2.81	1.77	1.18	36.82					
1463	24.60	S	9.48	11.59	7.03	4.08	1.87	1.13	42.04					
1464	24.61	-	12.08	13.09	4.98	2.98	1.67	1.28	41.19					
1465	24.63	-	10.40	12.59	5.10	2.35	2.17	1.26	50.73					
1466	24.65	-	10.29	12.81	5.30	2.29	2.32	1.32	50.23					
1467	24.66	-	9.84	13.12	5.59	2.15	2.61	1.27	47.15					
1468	24.68	-	10.90	13.85	5.93	2.19	2.70	1.33	44.20					
1469	24.70	-	10.50	13.84	6.03	2.21	2.73	1.18	40.76					
1470	24.71	-	10.64	14.25	6.22	2.11	2.94	1.16	39.83					
1471	24.73	-	11.48	14.08	6.01	2.31	2.60	1.31	39.24					
1472	24.75	-	10.95	13.92	5.96	2.17	2.74	1.18	40.47					
1473	24.76	-	10.84	13.80	5.87	2.11	2.78	1.20	40.99					
1474	24.78	D	9.00	13.20	5.83	1.83	2.91	1.24	35.30					
1475	24.80	-	9.54	13.24	5.75	2.03	2.93	1.29	39.17					
1476	24.81	-	10.06	13.95	6.20	1.94	3.20	1.10	40.75					
1477	24.83	-	9.36	13.78	6.11	1.91	3.20	1.05	37.00					
1478	24.85	-	10.30	13.66	5.82	1.94	3.00	1.23	41.61					
1479	24.86	-	9.17	12.71	5.40	1.90	2.83	1.00	41.89					
1480	24.88	-	9.37	12.08	4.82	2.14	2.25	1.19	47.76					
1481	24.90	-	10.81	13.11	4.91	2.31	2.13	1.06	42.35					
1482	24.91	-	10.85	12.50	4.73	2.71	1.75	1.08	45.85					
1483	24.93	S	8.84	11.38	7.20	3.86	1.96	1.28	49.89					
1484	24.95	-	9.55	11.97	4.73	2.32	2.04	1.04	53.70					
1485	24.97	-	9.58	12.34	5.18	2.25	2.30	1.26	53.60					
1486	24.98	-	9.43	13.00	5.39	1.76	3.06	1.28	47.55					
1487	25.00	-	10.40	13.68	5.78	1.96	2.95	1.37	45.68					
1488	25.02	-	10.56	13.52	5.87	2.26	2.42	1.31	44.15					
1489	25.03	-	11.03	14.12	6.11	2.19	2.79	1.33	44.45					
1490	25.05	-	10.99	13.67	5.80	2.34	2.48	1.25	43.59					
1491	25.07	-	11.66	14.38	6.19	2.33	2.65	1.37	42.61					
1492	25.08	D	9.14	13.13	9.17	3.24	2.72	1.36	41.11					
1493	25.10	-	10.75	13.94	6.15	2.24	2.71	1.36	39.69					
1494	25.12	-	11.35	14.01	5.96	2.26	2.64	1.31	39.26					
1495	25.13	-	11.49	14.30	6.10	2.14	2.85	1.32	37.82					
1496	25.15	-	10.57	13.84	5.93	2.03	2.92	1.25	40.34					
1497	25.17	-	10.80	13.95	6.00	2.13	2.82	1.31	42.19					
1498	25.18	-	9.68	12.85	5.44	2.13	2.56	1.14	47.09					
1499	25.20	-	10.22	12.49	4.99	2.32	2.15	1.31	49.35					
1500	25.22	-	11.92	13.70	5.73	2.70	2.15	1.15	55.69					
1501	25.23	-	10.86	13.08	5.61	2.60	1.80	1.03	46.97					
1502	25.25	S	10.45	12.85	5.51	2.55	1.91	1.13	50.13					
1503	25.27	-	10.63	12.81	5.34	2.60	2.03	1.05	52.40					
1504	25.28	-	10.47	13.25	5.74	2.33	2.47	1.22	48.96					
1505	25.30	-	9.10	13.01	5.84	2.04	2.89	1.29	45.97					
1506	25.32	-	9.72	13.35	5.91	2.12	2.74	1.07	44.65					
1507	25.33	-	9.91	13.17	5.80	2.28	2.68	1.25	43.60					
1508	25.35	-	10.13	13.63	6.11	2.24	2.75	1.38	40.83					
1509	25.37	-	8.99	13.35	6.11	2.06	2.69	1.24	40.50					
1510	25.38	-	8.80	13.47	6.19	1.88	2.82	1.29	41.24					
1511	25.40	-	9.25	13.82	6.29	1.85	2.69	1.14	41.02					
1512	25.42	D	10.64	13.97	6.20	2.22	2.78	1.26	33.97					
1513	25.43	-	11.34	14.30	6.36	2.42	2.90	1.28	34.01					
1514	25.45	-	10.08	14.23	6.38	1.96	3.47	1.20	35.37					
1515	25.47	-	9.33	13.70	6.17	2.00	3.34	1.10	37.77					
1516	25.49	-	9.66	13.76	5.92	1.83	3.25	1.15	38.70					
1517	25.50	-	10.10	13.70	5.91	1.88	3.14	1.18	40.13					
1518	25.52	-	9.67	12.79	5.29	2.03	2.61	1.18	46.19					
1519	25.54	-	10.29	12.74	5.12	2.19	2.34	1.22	49.09					
1520	25.55	S	9.49	12.21	5.10	2.42	2.12	1.06	48.96					
1521	25.57	-	11.29	12.98	5.26	2.59	2.03	1.30	46.86					
1522	25.59	-	9.35	12.49	5.14	2.15	2.39	0.87	46.80					
1523	25.60	-	9.44	12.86	5.48	1.94	2.83	1.06	45.50					
1524	25.62	-	10.85	14.01	6.04	2.13	2.83	1.28	40.54					
1525	25.64	-	10.55	14.38	6.48	2.10	2.97	1.33	38.31					
1526	25.65	-	11.38	14.55	6.34	2.23	2.85	1.31	36.83					
1527	25.67	-	11.13	14.55	6.36	2.04	3.12	1.27	33.00					
1528	25.69	-	11.82	14.59	6.16	2.10	2.93	1.37	28.76					
1529	25.70	-	11.79	14.87	6.47	2.12	3.06	1.24	29.52					
1530	25.72	D	8.82	13.93	9.83	2.68	2.96	1.26	25.41					
1531	25.74	-	13.18	15.63	6.56	2.20	2.99	1.18	21.08					
1532	25.75	-	12.73	15.66	6.68	2.04	3.28	1.16	22.04					
1533	25.77	-	12.58	15.62	6.84	2.10	3.25	1.04	19.09					
1534	25.79	-	12.30	15.61	6.85	2.14	3.20	1.22	21.20					
1535	25.80	-	12.18	14.99	6.29	2.03	3.10	1.13	23.10					
1536	25.82	-	12.33	15.01	6.51	2.27	2.87	1.32	27.17					
1537	25.84	-	11.57	13.95	5.72	2.17	2.64	1.19	34.84					
1538	25.85	-	12.37	14.01	5.68	2.54	2.23	1.27	32.59					
1539	25.87	-	12.37	14.24	5.70	2.49	2.29	1.34	36.45					
1540	25.89	-	13.06	14.09	5.54	2.66	2.08	1.45	33.59					
1541	25.90	S	8.05	12.70	8.91	2.67	2.65	1.39	37.26					
1542	25.92	-	11.28	14.77	6.35	2.03	3.12	1.09	26.84					
1543	25.94	-	12.81	16.45	7.17	2.10	3.41	0.98	17.90					
1544	25.96	-	12.52	16.14	6.97	1.95	3.58	0.96	10.16					
1545	25.97	-	14.60	17.04	7.26	2.26	3.21	0.96	359.89					
1546	25.99	-	14.03	17.24	7.61	2.03	3.74	0.79	345.14					
1547	26.01	-	13.21	16.22	7.03	2.06	3.41	0.80	338.90					
1548	26.02	-	14.01	17.00	7.47	2.14	3.49	0.68	329.96					
1549	26.04	D	9.91	15.24	10.93	2.45	3.46	0.61	305.18					
1550	26.06	-	14.37	17.35	7.65	2.17	3.52	0.59	303.44					
1551	26.07	-	14.01	17.55	7.55	1.88	4.00	0.73	264.75					
1552	26.09	-	12.21	15.71	6.69	2.06	3.25	0.61	312.79					
1553	26.11	-	13.76	17.09	7.35	1.79	4.11	0.69	289.51					
1554	26.12	-	13.51	16.61	7.30	2.04	3.59	0.83	347.43					
1555	26.14	-	13.40	16.68	7.29	2.11	3.46	1.01	353.77					
1556	26.16	-	12.86	14.51	6.13	2.82	2.17	1.07	3.72					
1557	26.17	-	11.60	14.65	6.34	2.27	2.79	1.14	28.74					
1558	26.19	-	11.59	14.12	5.94	2.24	2.65	1.30	30.98					
1559	26.21	S	8.00	13.23	9.27	2.47	2.88	1.21	29.86					
1560	26.22	-	12.07	15.06	6.43	1.99	3.23	1.26	27.54					
1561	26.24	-	12.65	15.86	6.66	1.92	3.46	0.81	0.71					
1562	26.26	-	13.53	16.22	7.05	2.40	2.93	0.87	352.85					
1563	26.27	-	13.59	16.47	7.08	2.30	3.08	0.80	345.77					
1564	26.29	-	13.77	17.27	7.57	2.15	3.53	0.63	324.73					
1565	26.31	-	13.70	17.08	7.45	2.14	3.48	0.64	324.40					
1566	26.32	-	14.36	17.71	7.74	2.10	3.68	0.59	305.80					
1567	26.34	-	9.84	15.54	7.12	1.50	3.61	0.58	301.37					
1568	26.36	-	14.27	17.64	7.59	2.07	3.67	0.61	305.39					
1569	26.37	-	13.46	16.97	7.31	1.85	3.95	0.71	278.50					
1570	26.39	-	14.48	17.22	7.41	1.91	3.87	0.67	289.73					
1571	26.41	-	13.79	16.92	7.27	2.03	3.57	0.68	286.98					
1572	26.43	-	14.23	17.35	7.58	1.96	3.88	0.68	324.27					
1573	26.44	-	12.80	16.95	7.64	1.89	4.05	0.76	343.21					
1574	26.46	-	14.00	17.32	7.77	2.25	3.46	0.94	6.12					
1575	26.48	-	12.75	14.83	6.19	2.70	2.29	1.10	16.95					
1576	26.49	S	8.36	13.25	6.01	1.66	2.84	1.17	29.31					
1577	26.51	-	10.93	14.06	6.00	1.96	3.06	1.19	27.30					
1578	26.53	-	11.71	14.71	6.24	2.14	2.91	1.18	28.26					
1579	26.54	-	12.03	15.22	6.49	2.03	3.20	1.00	18.32					
1580	26.56	-	13.07	16.06	6.86	2.20	3.13	0.78	354.85					
1581	26.58	-	15.46	17.21	7.48	2.69	2.78	0.89	352.64					
1582	26.59	-	13.44	16.45	7.14	2.21	3.24	0.88	0.54					
1583	26.61	-	15.08	17.30	7.66	2.27	3.38	0.92	356.26					
1584	26.63	-	14.16	16.68	7.37	2.23	3.31	0.89	355.82					
1585	26.64	-	13.55	16.76	7.44	2.12	3.51	0.82	352.20					
1586	26.66	-	9.23	14.96	6.87	1.54	3.73	0.61	331.28					
1587	26.68	-	14.30	17.20	7.37	2.27	3.25	0.78	352.26					
1588	26.69	-	13.84	17.26	7.59	2.02	3.75	0.70	342.03					
1589	26.71	-	14.44	17.61	7.54	2.04	3.70	0.68	340.61					
1590	26.73	-	13.64	16.09	6.72	2.11	3.18	0.79	341.94					
1591	26.74	-	15.00	17.65	7.61	2.23	3.42	0.76	351.01					
1592	26.76	-	13.70	16.58	7.41	2.20	3.37	0.79	349.04					
1593	26.78	-	14.76	17.09	7.48	2.51	2.98	1.11	11.44					
1594	26.79	-	12.70	15.10	6.39	2.28	2.81	0.96	9.11					
1595	26.81	S	8.19	13.03	5.91	1.78	2.79	1.05	23.55					
1596	26.83	-	11.63	14.85	6.48	2.24	2.89	1.18	23.98					
1597	26.85	-	12.14	15.00	6.45	2.20	2.93	1.12	23.78					
1598	26.86	-	13.63	16.45	7.20	2.19	3.28	0.91	7.56					
1599	26.88	-	14.43	16.72	7.09	2.15	3.29	0.85	350.28					
1600	26.90	-	14.44	17.01	7.37	2.29	3.22	0.87	358.75					
1601	26.91	-	15.67	17.95	7.80	2.44	3.19	0.83	351.90					
1602	26.93	-	14.89	17.79	7.75	2.28	3.40	0.79	351.23					
1603	26.95	-	15.14	18.05	7.84	2.09	3.75	0.58	326.46					
1604	26.96	-	14.51	17.39	7.49	2.24	3.35	0.81	354.70					
1605	26.98	-	9.55	15.20	7.01	1.48	3.70	0.61	316.33					
1606	27.00	-	15.46	18.30	7.78	2.19	3.55	0.62	312.92					
1607	27.01	-	15.41	17.81	7.73	2.08	3.71	0.59	311.09					
1608	27.03	-	15.11	17.41	7.45	2.25	3.31	0.61	303.04					
1609	27.05	-	14.18	16.84	7.33	2.13	3.44	0.70	333.53					
1610	27.06	-	14.02	15.90	6.68	2.51	2.66	0.84	339.64					
1611	27.08	-	15.40	17.45	7.50	2.39	3.14	0.75	322.73					
1612	27.10	-	15.59	17.59	7.56	2.11	3.59	0.83	345.18					
1613	27.11	S	10.30	15.02	6.85	1.73	3.48	0.79	346.47					
1614	27.13	-	14.46	17.03	7.44	2.18	3.41	0.78	1.53					
1615	27.15	-	13.64	15.51	6.65	2.34	2.85	0.95	0.11					
1616	27.16	-	12.77	15.72	6.80	2.02	3.37	1.10	12.75					
1617	27.18	-	15.55	16.99	7.24	2.37	3.05	1.02	357.23					
1618	27.20	-	15.42	16.63	6.90	2.28	3.02	0.95	347.92					
1619	27.21	-	13.97	15.95	6.77	2.40	2.82	0.94	345.34	0.95				
1620	27.23	-	13.38	15.22	6.28	2.35	2.68	0.88	337.84					
1621	27.25	-	11.62	13.97	5.84	2.40	2.43	0.99	350.30					
1622	27.26	-	12.34	14.18	5.92	2.45	2.42	0.91	353.00					
1623	27.28	-	15.89	17.97	7.73	2.12	3.64	0.60	293.28					
1624	27.30	-	11.86	14.17	5.96	2.37	2.52	0.83	342.79					
1625	27.32	-	10.63	12.69	5.10	2.39	2.14	1.01	353.52					
1626	27.33	-	11.37	12.93	5.03	2.56	1.96	1.01	357.46					
1627	27.35	-	10.23	12.03	4.60	2.59	1.77	1.03	353.99					
1628	27.37	-	11.70	12.80	4.81	2.91	1.65	0.94	5.75					
1629	27.38	-	11.59	12.99	5.10	2.68	1.90	1.01	2.20					
1630	27.40	-	11.05	13.09	5.16	2.39	2.16	0.80	353.69					
1631	27.42	-	10.76	12.80	5.07	2.38	2.13	0.90	350.29					
1632	27.43	-	12.27	15.25	6.46	2.26	2.86	0.69	307.79					
1633	27.45	-	12.46	15.26	6.53	2.12	3.08	0.75	291.58					
1634	27.47	-	14.09	16.39	7.02	2.30	3.05	0.76	287.86					
1635	27.48	-	12.45	15.58	6.70	2.03	3.30	0.79	290.81					
1636	27.50	-	11.08	13.12	5.31	2.32	2.29	1.05	357.13					
1637	27.52	-	10.27	12.27	4.83	2.49	1.94	1.16	351.72					
1638	27.53	-	8.87	11.57	4.54	2.11	2.15	1.06	339.52					
1639	27.55	-	9.04	11.51	4.48	2.25	1.99	0.92	340.37					
1640	27.57	-	10.06	11.71	4.37	2.73	1.60	0.86	347.73					
1641	27.58	-	9.71	11.71	4.18	2.61	1.60	0.79	357.51					
1642	27.60	-	8.90	10.96	3.72	3.19	1.17	0.25	288.34					
1643	27.62	-	8.79	11.36	3.82	2.68	1.43	0.39	335.15					
1644	27.63	-	9.24	11.23	3.81	3.10	1.23	0.14	272.82					
1645	27.65	-	9.08	10.92	3.97	3.05	1.30	0.15	45.17					
1646	27.67	-	8.58	10.77	3.92	2.84	1.38	0.17	19.75					
1647	27.68	-	8.82	10.71	3.83	2.88	1.33	0.13	2.88					
1648	27.70	-	10.10	11.69	4.30	3.12	1.38	0.10	166.07					
1649	27.72	-	8.31	10.35	3.63	2.93	1.24	0.22	324.21					
1650	27.73	-	8.98	10.77	3.78	3.23	1.17	0.25	296.22					
1651	27.75	-	7.72	10.01	3.55	2.82	1.26	0.58	315.71					
1652	27.77	-	9.61	11.42	4.20	2.69	1.56	0.90	340.04					
1653	27.78	-	8.49	10.75	4.03	2.56	1.58	0.80	324.32					
1654	27.80	-	9.23	11.44	4.30	2.49	1.73	0.78	326.45					
1655	27.82	-	8.80	10.95	4.14	2.62	1.58	0.86	325.59					
1656	27.84	-	9.42	11.34	4.20	2.67	1.57	0.92	331.32					
1657	27.85	-	9.31	11.38	4.41	2.59	1.70	0.98	338.27					
1658	27.87	-	11.01	12.32	4.62	3.03	1.52	0.60	317.69					
1659	27.89	-	11.66	12.76	4.67	2.93	1.59	0.58	333.91					
1660	27.90	-	14.44	16.10	5.97	2.94	2.03	0.50	159.88					
1661	27.92	-	14.52	15.27	5.74	3.06	1.87	0.53	166.38					
1662	27.94	-	9.14	10.99	4.04	2.94	1.37	0.59	304.91					
1663	27.95	-	10.31	11.56	3.88	3.41	1.14	0.30	270.38					
1664	27.97	-	10.09	11.63	4.04	3.26	1.24	0.27	278.53					
1665	27.99	-	11.34	12.51	4.42	3.45	1.28	0.14	243.12					
1666	28.00	-	10.90	12.09	4.10	3.39	1.21	0.29	251.43					
1667	28.02	-	12.52	13.10	4.69	3.51	1.34	0.23	222.87					
1668	28.04	-	9.64	11.23	3.90	3.00	1.30	0.42	291.09					
1669	28.05	-	10.18	11.63	4.25	2.91	1.46	0.65	310.37					
1670	28.07	-	10.85	12.17	4.61	2.99	1.54	0.80	332.54					
1671	28.09	-	9.50	11.40	4.21	2.69	1.57	0.88	326.74					
1672	28.10	-	10.43	12.32	4.81	2.61	1.84	0.82	324.57					
1673	28.12	-	11.34	12.82	5.02	2.67	1.88	0.83	329.45					
1674	28.14	-	10.28	12.24	4.83	2.53	1.91	0.90	325.38					
1675	28.15	-	11.40	12.91	5.04	2.62	1.92	0.91	326.64					
1676	28.17	-	10.47	12.14	4.69	2.67	1.76	1.06	336.07					
1677	28.19	-	10.45	11.99	4.50	2.77	1.63	1.08	337.86					
1678	28.20	-	10.78	12.33	4.80	2.70	1.78	1.02	339.42					
1679	28.22	-	10.17	11.76	4.49	2.90	1.55	0.98	335.40					
1680	28.24	-	10.71	12.08	4.63	2.93	1.58	0.97	336.57					
