frame	position	phase	lumen_area	lumen_circumf	longest_distance	shortest_distance	elliptic_ratio	vector_length	vector_angle	measurement_1	measurement_2	pullback_speed	pullback_start_frame	frame_rate
1	0.00	-	14.45	13.63	4.69	3.75	1.25	0.83	47.87			0.50	94.00	30.00
2	0.02	-	14.00	13.42	4.66	3.70	1.26	0.93	54.54					
3	0.03	-	12.51	12.70	4.42	3.50	1.26	0.93	63.75					
4	0.05	-	12.37	12.60	4.32	3.54	1.22	0.95	67.20					
5	0.07	-	10.97	11.87	4.07	3.30	1.23	0.78	57.74					
6	0.08	-	13.36	13.24	4.72	3.47	1.36	0.80	58.49					
7	0.10	-	13.13	13.05	4.62	3.51	1.32	0.86	59.20					
8	0.12	-	13.33	13.18	4.72	3.45	1.37	0.89	55.21					
9	0.13	-	13.50	13.23	4.72	3.51	1.34	0.87	46.62					
10	0.15	-	13.02	12.98	4.59	3.45	1.33	0.94	30.76					
11	0.17	-	12.75	12.83	4.51	3.47	1.30	0.90	32.29					
12	0.18	-	12.46	12.67	4.44	3.42	1.30	0.89	28.61					
13	0.20	-	12.88	12.89	4.53	3.48	1.30	0.89	31.65					
14	0.22	-	13.13	12.99	4.56	3.56	1.28	0.85	35.57					
15	0.23	-	14.45	13.63	4.65	3.79	1.23	0.92	50.24					
16	0.25	-	12.18	12.51	4.34	3.47	1.25	0.90	65.45					
17	0.27	-	12.18	12.43	4.20	3.66	1.15	0.89	71.34					
18	0.28	-	10.93	11.80	4.00	3.38	1.18	0.72	61.87					
19	0.30	-	12.65	12.89	4.61	3.32	1.39	0.77	53.85					
20	0.32	-	13.06	13.00	4.59	3.50	1.31	0.87	53.25					
21	0.33	-	14.02	13.53	4.82	3.52	1.37	0.88	58.61					
22	0.35	-	13.11	13.04	4.68	3.49	1.34	0.92	50.07					
23	0.37	-	13.58	13.26	4.73	3.55	1.33	0.96	31.48					
24	0.38	-	12.72	12.82	4.50	3.43	1.31	0.91	25.66					
25	0.40	-	13.46	13.15	4.56	3.60	1.27	0.94	22.79					
26	0.41	-	13.63	13.22	4.59	3.65	1.26	0.89	27.55					
27	0.43	-	14.80	13.78	4.73	3.83	1.24	0.89	37.79					
28	0.45	-	14.55	13.65	4.75	3.83	1.24	0.94	51.07					
29	0.46	-	12.77	12.94	4.65	3.36	1.38	0.80	60.34					
30	0.48	-	12.80	12.82	4.42	3.62	1.22	0.91	68.04					
31	0.50	-	11.78	12.33	4.30	3.33	1.29	0.73	54.81					
32	0.51	-	12.28	12.64	4.49	3.38	1.33	0.82	59.74					
33	0.53	-	13.32	13.13	4.63	3.57	1.30	0.86	59.85					
34	0.55	-	13.37	13.18	4.65	3.47	1.34	0.86	57.68					
35	0.56	-	13.44	13.22	4.75	3.48	1.37	0.87	50.23					
36	0.58	-	13.76	13.44	4.85	3.45	1.41	0.87	43.77					
37	0.60	-	12.61	12.80	4.57	3.38	1.35	0.91	29.03					
38	0.61	-	12.64	12.75	4.46	3.49	1.28	0.91	29.52					
39	0.63	-	12.84	12.87	4.53	3.48	1.30	0.87	28.16					
40	0.64	-	13.13	12.98	4.53	3.59	1.26	0.84	33.59					
41	0.66	-	14.66	13.68	4.69	3.84	1.22	0.77	51.25					
42	0.68	-	12.96	12.93	4.50	3.57	1.26	0.86	63.28					
43	0.69	-	11.60	12.22	4.24	3.38	1.26	0.89	71.06					
44	0.71	-	11.07	11.94	4.13	3.30	1.25	0.77	61.31					
45	0.73	-	11.68	12.34	4.45	3.26	1.36	0.78	49.93					
46	0.74	-	12.58	12.77	4.52	3.45	1.31	0.82	57.13					
47	0.76	-	13.11	13.08	4.70	3.43	1.37	0.87	52.50					
48	0.78	-	13.35	13.14	4.66	3.53	1.32	0.90	51.81					
49	0.79	-	13.59	13.41	4.95	3.38	1.46	0.89	41.39					
50	0.81	-	12.69	12.88	4.66	3.36	1.39	0.95	30.15					
51	0.83	-	12.67	12.84	4.59	3.36	1.37	0.93	29.58					
52	0.84	-	12.69	12.81	4.53	3.45	1.32	0.93	29.30					
53	0.86	-	12.82	12.88	4.56	3.44	1.32	0.93	34.06					
54	0.87	-	13.81	13.42	4.70	3.54	1.33	0.88	46.15					
55	0.89	-	13.49	13.10	4.42	3.75	1.18	0.95	50.35					
56	0.91	-	12.01	12.53	4.46	3.30	1.35	0.86	74.48					
57	0.92	-	12.17	12.43	4.18	3.64	1.15	0.83	67.75					
58	0.94	-	11.28	12.06	4.22	3.31	1.27	0.67	54.05					
59	0.96	-	12.96	12.98	4.59	3.49	1.32	0.92	49.57					
60	0.97	-	12.78	12.83	4.58	3.55	1.29	0.99	44.26					
61	0.99	-	12.92	12.95	4.65	3.47	1.34	0.97	51.74					
62	1.01	-	13.03	13.03	4.74	3.47	1.37	0.99	45.72					
63	1.02	-	13.25	13.20	4.82	3.41	1.41	0.89	43.42					
64	1.04	-	12.86	12.98	4.69	3.35	1.40	0.90	37.39					
65	1.06	-	12.05	12.53	4.52	3.29	1.38	0.88	37.56					
66	1.07	-	12.62	12.80	4.53	3.39	1.34	0.87	35.40					
67	1.09	-	12.41	12.70	4.47	3.36	1.33	0.78	54.78					
68	1.10	-	12.08	12.53	4.49	3.33	1.35	0.89	60.73					
69	1.12	-	12.28	12.66	4.45	3.34	1.33	0.84	66.67					
70	1.14	-	11.17	11.96	4.07	3.37	1.21	0.91	72.85					
71	1.15	-	12.19	12.50	4.17	3.55	1.17	0.83	49.79					
72	1.17	-	12.90	12.91	4.48	3.56	1.26	0.88	47.66					
73	1.19	-	12.88	12.90	4.46	3.55	1.26	0.96	51.70					
74	1.20	-	12.90	12.89	4.55	3.57	1.27	0.97	52.88					
75	1.22	-	13.17	13.15	4.64	3.46	1.34	0.95	59.31					
76	1.24	-	13.81	13.48	4.76	3.52	1.35	0.94	53.43					
77	1.25	-	13.26	13.22	4.75	3.42	1.39	0.88	48.41					
78	1.27	-	12.82	12.94	4.65	3.37	1.38	0.90	40.49					
79	1.29	-	13.09	13.09	4.73	3.43	1.38	0.88	40.48					
80	1.30	-	13.88	13.59	4.89	3.45	1.42	0.84	53.08					
81	1.32	-	12.99	13.05	4.61	3.43	1.34	0.93	66.32					
82	1.34	-	11.60	12.29	4.31	3.24	1.33	0.87	74.29					
83	1.35	-	10.65	11.75	4.04	3.22	1.25	0.86	75.62					
84	1.37	-	11.02	11.87	4.07	3.44	1.18	0.85	65.59					
85	1.38	-	10.80	11.76	4.02	3.36	1.20	0.86	65.02					
86	1.40	-	12.45	12.68	4.41	3.50	1.26	0.88	59.11					
87	1.42	-	11.67	12.22	4.07	3.48	1.17	1.00	62.05					
88	1.43	-	12.29	12.60	4.42	3.43	1.29	1.01	54.14					
89	1.45	-	12.48	12.72	4.51	3.44	1.31	1.03	54.71					
90	1.47	-	12.96	12.94	4.62	3.53	1.31	0.99	44.77					
91	1.48	-	13.23	13.10	4.69	3.50	1.34	0.96	43.46					
92	1.50	-	12.60	12.78	4.58	3.43	1.34	0.99	41.37					
93	1.52	-	13.30	13.19	4.74	3.46	1.37	0.87	49.32					
94	1.53	-	13.72	13.43	4.82	3.51	1.37	0.93	62.48					
95	1.55	-	12.26	12.58	4.39	3.47	1.27	0.98	74.59					
96	1.56	-	11.27	12.05	4.03	3.38	1.19	0.90	87.34					
97	1.58	-	11.14	12.07	4.15	3.27	1.27	0.92	80.61					
98	1.60	-	11.63	12.32	4.29	3.29	1.30	0.80	76.33					
99	1.61	-	12.20	12.52	4.28	3.51	1.22	0.87	78.71					
100	1.63	-	12.56	12.69	4.29	3.61	1.19	0.92	81.77					
101	1.65	-	13.95	13.60	4.80	3.69	1.30	0.90	85.64					
102	1.66	-	13.99	13.85	4.94	3.58	1.38	0.93	89.04					
103	1.68	-	12.10	12.55	4.28	3.43	1.25	1.01	68.10					
104	1.70	-	13.06	12.98	4.62	3.57	1.29	0.98	46.39					
105	1.71	-	13.00	13.01	4.70	3.48	1.35	0.97	46.82					
106	1.73	-	13.45	13.29	4.81	3.50	1.38	0.96	50.09					
107	1.75	-	12.92	12.98	4.66	3.45	1.35	0.95	58.17					
108	1.76	-	12.59	12.75	4.38	3.50	1.25	0.97	78.72					
109	1.78	-	11.10	12.01	4.05	3.32	1.22	1.02	87.81					
110	1.80	-	10.62	11.68	3.91	3.40	1.15	0.97	87.85					
111	1.81	-	10.09	11.45	3.98	3.18	1.25	0.81	88.91					
112	1.83	-	11.92	12.38	4.20	3.50	1.20	0.86	82.00					
113	1.84	-	12.94	12.90	4.47	3.66	1.22	0.89	88.24					
114	1.86	-	13.33	13.08	4.52	3.80	1.19	0.92	90.90					
115	1.88	-	13.46	13.20	4.60	3.73	1.23	0.93	88.60					
116	1.89	-	13.05	12.94	4.53	3.71	1.22	0.91	79.54					
117	1.91	-	12.45	12.64	4.42	3.54	1.25	0.94	65.86					
118	1.93	-	12.18	12.57	4.35	3.42	1.27	0.93	63.73					
119	1.94	-	12.21	12.58	4.39	3.43	1.28	0.91	61.42					
120	1.96	-	12.93	13.00	4.41	3.51	1.26	0.85	73.43					
121	1.98	-	14.21	13.59	4.67	3.76	1.24	0.84	92.32					
122	1.99	-	11.56	12.09	4.00	3.75	1.07	0.94	92.77					
123	2.01	-	10.57	11.64	4.10	3.38	1.21	1.00	94.29					
124	2.03	-	10.55	11.60	3.97	3.40	1.17	0.78	93.39					
125	2.04	-	12.35	12.48	4.12	3.85	1.07	0.80	85.44					
126	2.06	-	11.95	12.31	4.17	3.67	1.14	0.88	83.32					
127	2.07	-	12.48	12.63	4.26	3.60	1.18	0.98	84.26					
128	2.09	-	12.66	12.72	4.35	3.67	1.18	0.94	86.85					
129	2.11	-	12.39	12.60	4.29	3.53	1.21	0.91	73.32					
130	2.12	-	13.21	12.99	4.50	3.77	1.19	0.82	69.40					
131	2.14	-	12.77	12.89	4.41	3.54	1.25	0.84	72.19					
132	2.16	-	12.91	13.01	4.50	3.49	1.29	0.87	69.10					
133	2.17	-	12.21	12.61	4.14	3.56	1.16	0.88	86.31					
134	2.19	-	12.93	12.95	4.52	3.62	1.25	0.86	91.55					
135	2.21	-	12.36	12.54	4.28	3.66	1.17	0.92	102.68					
136	2.22	-	10.53	11.65	3.78	3.38	1.12	0.92	98.69					
137	2.24	-	9.70	11.16	3.84	3.17	1.21	0.90	89.66					
138	2.26	-	10.67	11.77	4.06	3.28	1.24	0.83	76.09					
139	2.27	-	10.95	11.86	3.95	3.41	1.16	0.89	81.23					
140	2.29	-	11.99	12.37	4.13	3.61	1.14	1.00	80.45					
141	2.30	-	12.60	12.62	4.19	3.78	1.11	0.97	80.78					
142	2.32	-	11.87	12.27	4.12	3.64	1.13	1.01	81.10					
143	2.34	-	12.44	12.58	4.31	3.65	1.18	0.91	74.90					
144	2.35	-	13.45	13.12	4.53	3.68	1.23	0.82	76.84					
145	2.37	-	12.62	12.72	4.34	3.61	1.20	0.86	77.65					
146	2.39	-	12.67	12.73	4.30	3.68	1.17	0.82	81.51					
147	2.40	-	12.82	12.78	4.31	3.75	1.15	0.80	90.14					
148	2.42	-	11.09	11.93	4.10	3.40	1.21	0.97	97.99					
149	2.44	-	10.43	11.53	3.87	3.39	1.14	0.98	101.28					
150	2.45	-	9.98	11.29	3.80	3.30	1.15	0.95	99.21					
151	2.47	-	10.23	11.40	3.85	3.39	1.14	0.76	85.93					
152	2.49	-	11.36	11.99	3.89	3.66	1.06	0.88	89.71					
153	2.50	-	11.90	12.26	3.98	3.71	1.08	1.00	79.32					
154	2.52	-	12.32	12.48	4.06	3.80	1.07	1.00	82.87					
155	2.53	-	12.42	12.50	4.03	3.88	1.04	0.98	80.48					
156	2.55	-	12.47	12.64	4.30	3.59	1.20	0.91	72.74					
157	2.57	-	12.76	12.75	4.33	3.69	1.17	0.85	74.42					
158	2.58	-	12.51	12.67	4.29	3.61	1.19	0.83	73.95					
159	2.60	-	13.14	12.96	4.43	3.73	1.19	0.81	82.81					
160	2.62	-	12.47	12.65	4.33	3.64	1.19	0.83	84.55					
161	2.63	-	12.55	12.66	4.29	3.79	1.13	0.92	99.86					
162	2.65	-	10.28	11.46	3.71	3.38	1.10	0.99	96.87					
163	2.67	-	10.14	11.33	3.79	3.49	1.09	0.93	101.64					
164	2.68	-	8.79	10.60	3.62	3.12	1.16	0.91	91.70					
165	2.70	-	11.17	11.88	3.88	3.63	1.07	0.92	86.42					
166	2.72	-	11.94	12.26	3.95	3.85	1.03	0.95	80.81					
167	2.73	-	12.09	12.38	4.03	3.73	1.08	1.04	84.54					
168	2.75	-	13.06	12.83	4.21	3.95	1.07	0.99	78.98					
169	2.76	-	12.47	12.61	4.27	3.68	1.16	1.02	76.02					
170	2.78	-	12.89	12.84	4.33	3.67	1.18	0.94	74.94					
171	2.80	-	12.62	12.72	4.29	3.65	1.18	0.89	75.08					
172	2.81	-	12.74	12.73	4.29	3.74	1.15	0.87	79.58					
173	2.83	-	12.44	12.56	4.27	3.76	1.13	0.88	82.10					
174	2.85	-	11.79	12.20	4.02	3.79	1.06	0.90	96.86					
175	2.86	-	10.72	11.66	3.91	3.58	1.09	1.02	99.20					
176	2.88	-	9.46	11.01	3.72	3.28	1.13	1.02	99.23					
177	2.90	-	9.77	11.11	3.68	3.42	1.08	0.88	89.99					
178	2.91	-	11.38	11.98	3.90	3.68	1.06	0.83	83.97					
179	2.93	-	11.90	12.24	3.95	3.82	1.03	0.88	82.85					
180	2.95	-	11.42	12.01	3.93	3.67	1.07	1.11	80.38					
181	2.96	-	11.83	12.22	3.99	3.73	1.07	1.07	77.66					
182	2.98	-	11.72	12.17	3.96	3.73	1.06	1.06	78.71					
183	2.99	-	12.66	12.63	4.16	3.88	1.07	0.95	78.33					
184	3.01	-	12.78	12.72	4.24	3.88	1.09	0.90	80.22					
185	3.03	-	12.86	12.77	4.25	3.82	1.11	0.90	83.25					
186	3.04	-	12.62	12.63	4.18	3.80	1.10	0.89	85.24					
187	3.06	-	11.85	12.22	3.99	3.83	1.04	0.93	97.62					
188	3.08	-	10.09	11.33	3.67	3.38	1.09	1.02	101.19					
189	3.09	-	9.69	11.08	3.63	3.40	1.06	1.02	106.39					
190	3.11	-	8.59	10.42	3.40	3.23	1.05	0.85	97.54					
191	3.13	-	9.50	10.99	3.67	3.25	1.13	0.73	95.13					
192	3.14	-	10.97	11.83	3.96	3.58	1.11	0.92	75.36					
193	3.16	-	11.11	11.90	3.97	3.56	1.12	1.05	81.69					
194	3.18	-	11.99	12.31	4.05	3.72	1.09	1.09	78.42					
195	3.19	-	11.51	12.06	3.94	3.76	1.05	1.07	82.12					
196	3.21	-	12.70	12.66	4.18	3.90	1.07	0.98	77.53					
197	3.22	-	12.54	12.61	4.19	3.86	1.08	0.94	80.95					
198	3.24	-	12.56	12.59	4.14	3.84	1.08	0.91	82.37					
199	3.26	-	12.30	12.47	4.06	3.80	1.07	0.92	83.01					
200	3.27	-	11.26	11.92	3.86	3.67	1.05	0.93	91.75					
201	3.29	-	10.42	11.47	3.75	3.53	1.06	0.99	108.48					
202	3.31	-	9.91	11.17	3.65	3.48	1.05	0.99	105.93					
203	3.32	-	9.89	11.17	3.73	3.38	1.10	0.80	109.50					
204	3.34	-	10.62	11.61	3.93	3.40	1.16	0.73	79.80					
205	3.36	-	11.65	12.14	4.02	3.65	1.10	0.84	68.93					
206	3.37	-	12.72	12.65	4.16	3.89	1.07	0.95	80.56					
207	3.39	-	12.53	12.57	4.15	3.85	1.08	1.03	80.91					
208	3.41	-	12.76	12.67	4.13	3.91	1.06	1.03	79.75					
209	3.42	-	12.75	12.67	4.13	3.95	1.05	0.96	76.80					
210	3.44	-	12.85	12.73	4.12	3.98	1.03	0.97	79.02					
211	3.45	-	12.61	12.63	4.14	3.88	1.07	0.97	78.91					
212	3.47	-	12.20	12.43	4.03	3.80	1.06	0.95	81.85					
213	3.49	-	11.98	12.33	4.04	3.71	1.09	0.93	87.89					
214	3.50	-	10.48	11.51	3.76	3.56	1.06	1.01	105.19					
215	3.52	-	9.94	11.23	3.73	3.35	1.11	1.03	107.61					
216	3.54	-	8.44	10.32	3.34	3.18	1.05	0.90	106.61					
217	3.55	-	9.67	11.14	3.84	3.20	1.20	0.84	80.89					
218	3.57	-	11.84	12.22	4.04	3.76	1.07	0.76	74.37					
219	3.59	-	12.84	12.74	4.30	3.79	1.13	0.89	72.05					
220	3.60	-	12.72	12.65	4.13	3.94	1.05	1.00	82.45					
221	3.62	-	12.99	12.79	4.17	4.00	1.04	1.02	83.35					
222	3.64	-	12.81	12.69	4.13	3.96	1.04	0.98	81.14					
223	3.65	-	12.83	12.72	4.14	3.95	1.05	0.95	79.19					
224	3.67	-	12.26	12.48	4.13	3.81	1.08	0.92	85.24					
225	3.68	-	12.50	12.58	4.12	3.84	1.07	0.94	82.90					
226	3.70	-	12.14	12.39	4.04	3.82	1.06	0.93	89.81					
227	3.72	-	10.88	11.81	4.05	3.34	1.21	1.11	100.36					
228	3.73	-	11.07	11.90	4.00	3.44	1.16	1.06	112.08					
229	3.75	-	10.40	11.48	3.85	3.38	1.14	0.98	108.79					
230	3.77	-	9.27	10.82	3.57	3.29	1.09	0.86	90.71					
231	3.78	-	12.01	12.31	4.09	3.71	1.10	0.78	80.41					
232	3.80	-	12.46	12.56	4.13	3.75	1.10	0.88	71.64					
233	3.82	-	13.07	12.84	4.30	3.90	1.10	1.00	81.11					
234	3.83	-	12.78	12.72	4.28	3.75	1.14	1.02	74.26					
235	3.85	-	12.67	12.65	4.25	3.81	1.12	1.03	77.10					
236	3.87	-	13.03	12.81	4.16	4.00	1.04	0.94	78.55					
237	3.88	-	13.11	12.85	4.21	3.97	1.06	0.90	80.95					
238	3.90	-	12.37	12.51	4.12	3.83	1.07	0.95	87.10					
239	3.91	-	12.01	12.34	4.14	3.68	1.12	0.93	86.46					
240	3.93	-	11.76	12.24	4.05	3.63	1.12	0.97	93.55					
241	3.95	-	11.83	12.33	4.06	3.55	1.14	0.97	110.51					
242	3.96	-	11.26	11.97	3.93	3.65	1.08	0.93	112.20					
243	3.98	-	11.00	11.78	3.89	3.56	1.09	0.74	105.97					
244	4.00	-	12.39	12.49	4.11	3.84	1.07	0.69	70.73					
245	4.01	-	12.96	12.79	4.28	3.82	1.12	0.87	69.48					
246	4.03	-	12.92	12.77	4.23	3.88	1.09	0.99	76.97					
247	4.05	-	13.00	12.84	4.32	3.78	1.14	1.01	71.65					
248	4.06	-	12.00	12.31	4.09	3.71	1.10	1.06	76.60					
249	4.08	-	13.28	12.95	4.34	3.87	1.12	0.96	69.77					
250	4.10	-	13.40	13.00	4.31	3.95	1.09	0.93	70.93					
251	4.11	-	12.76	12.72	4.21	3.79	1.11	0.93	76.72					
252	4.13	-	12.98	12.80	4.25	3.84	1.11	0.89	78.31					
253	4.15	-	12.65	12.70	4.32	3.68	1.17	0.95	79.76					
254	4.16	-	12.27	12.52	4.09	3.67	1.11	0.97	104.12					
255	4.18	-	11.55	12.09	3.99	3.70	1.08	0.96	111.88					
256	4.19	-	10.81	11.67	3.84	3.60	1.06	0.93	107.47					
257	4.21	-	11.76	12.18	4.05	3.70	1.10	0.75	74.28					
258	4.23	-	12.38	12.52	4.22	3.71	1.14	0.90	68.57					
259	4.24	-	12.59	12.62	4.21	3.81	1.11	0.90	70.87					
260	4.26	-	12.22	12.56	4.27	3.59	1.19	1.10	70.89					
261	4.28	-	12.57	12.63	4.24	3.72	1.14	1.04	71.60					
262	4.29	-	12.53	12.60	4.23	3.73	1.13	1.02	63.94					
263	4.31	-	12.25	12.44	4.12	3.76	1.10	1.00	66.97					
264	4.33	-	12.54	12.63	4.28	3.69	1.16	1.02	67.77					
265	4.34	-	12.09	12.42	4.15	3.57	1.16	1.00	73.66					
266	4.36	-	12.89	12.89	4.31	3.63	1.19	0.95	74.53					
267	4.38	-	12.92	12.84	4.37	3.76	1.16	0.90	93.72					
268	4.39	-	11.82	12.21	3.97	3.79	1.05	0.91	101.96					
269	4.41	-	10.52	11.53	3.73	3.54	1.05	0.94	103.71					
270	4.42	-	10.49	11.52	3.78	3.54	1.07	0.78	72.29					
271	4.44	-	12.42	12.52	4.15	3.79	1.10	0.81	66.39					
272	4.46	-	12.62	12.63	4.18	3.84	1.09	0.93	67.76					
273	4.47	-	13.12	12.94	4.43	3.69	1.20	1.04	68.48					
274	4.49	-	13.51	13.08	4.41	3.88	1.14	0.99	69.82					
275	4.51	-	12.73	12.70	4.24	3.78	1.12	1.05	65.64					
276	4.52	-	13.10	12.87	4.31	3.87	1.11	0.99	62.90					
277	4.54	-	12.76	12.67	4.16	3.93	1.06	0.98	70.52					
278	4.56	-	13.46	13.04	4.25	3.99	1.06	0.92	73.16					
279	4.57	-	13.35	13.00	4.30	3.92	1.10	0.86	80.16					
280	4.59	-	13.95	13.29	4.48	4.04	1.11	0.84	98.57					
281	4.61	-	13.22	12.93	4.34	3.91	1.11	0.84	101.70					
282	4.62	-	12.00	12.32	4.11	3.70	1.11	0.87	106.25					
283	4.64	-	12.25	12.41	4.03	3.88	1.04	0.68	98.77					
284	4.65	-	12.57	12.58	4.06	3.90	1.04	0.80	75.35					
285	4.67	-	13.50	13.07	4.37	3.94	1.11	0.91	67.85					
286	4.69	-	13.23	12.95	4.35	3.85	1.13	1.01	71.64					
287	4.70	-	13.50	13.13	4.48	3.76	1.19	1.03	66.84					
288	4.72	-	12.58	12.65	4.29	3.68	1.17	1.05	68.19					
289	4.74	-	12.71	12.74	4.33	3.67	1.18	1.05	61.68					
290	4.75	-	12.57	12.61	4.20	3.73	1.13	1.02	64.40					
291	4.77	-	12.81	12.72	4.25	3.82	1.11	1.00	70.02					
292	4.79	-	12.70	12.68	4.25	3.79	1.12	1.03	75.34					
293	4.80	-	12.90	12.82	4.29	3.77	1.14	0.95	83.52					
294	4.82	-	13.00	12.80	4.21	3.91	1.08	0.90	104.02					
295	4.84	-	11.69	12.21	4.04	3.65	1.11	0.93	106.88					
296	4.85	-	11.66	12.13	4.07	3.73	1.09	0.74	98.75					
297	4.87	-	11.97	12.28	4.03	3.76	1.07	0.71	72.27					
298	4.88	-	13.30	12.96	4.33	3.92	1.10	0.96	67.91					
299	4.90	-	13.68	13.14	4.35	3.98	1.10	0.90	69.53					
300	4.92	-	13.45	13.10	4.46	3.74	1.19	1.07	67.41					
301	4.93	-	13.45	13.08	4.41	3.80	1.16	1.02	66.69					
302	4.95	-	13.01	12.87	4.35	3.73	1.17	0.99	62.75					
303	4.97	-	12.97	12.83	4.36	3.75	1.16	1.01	62.25					
304	4.98	-	13.25	12.94	4.35	3.85	1.13	0.94	65.90					
305	5.00	-	13.52	13.08	4.34	3.95	1.10	0.93	76.43					
306	5.02	-	12.89	12.93	4.39	3.60	1.22	1.01	82.78					
307	5.03	-	12.11	12.39	4.14	3.75	1.10	1.03	98.80					
308	5.05	-	11.88	12.26	4.06	3.74	1.08	0.93	105.07					
309	5.07	-	11.58	12.09	3.93	3.72	1.06	0.81	101.62					
310	5.08	-	11.72	12.15	3.89	3.82	1.02	0.62	74.44					
311	5.10	-	12.70	12.65	4.19	3.89	1.08	0.92	67.37					
312	5.12	-	13.32	12.98	4.38	3.92	1.12	0.95	65.57					
313	5.13	-	13.77	13.18	4.42	4.00	1.10	1.06	68.41					
314	5.15	-	13.45	13.04	4.38	3.87	1.13	1.02	66.29					
315	5.16	-	13.58	13.12	4.44	3.85	1.15	1.01	64.83					
316	5.18	-	13.13	12.94	4.44	3.69	1.20	1.02	61.85					
317	5.20	-	13.67	13.16	4.41	3.96	1.11	0.96	68.83					
318	5.21	-	13.14	12.90	4.26	3.85	1.11	0.98	75.33					
319	5.23	-	12.66	12.70	4.25	3.69	1.15	0.98	80.26					
320	5.25	-	13.11	12.90	4.25	3.89	1.09	0.96	93.97					
321	5.26	-	11.69	12.18	4.12	3.61	1.14	0.95	99.99					
322	5.28	-	11.26	11.93	3.95	3.66	1.08	0.85	103.83					
323	5.30	-	11.79	12.20	4.01	3.75	1.07	0.41	78.18					
324	5.31	-	12.62	12.61	4.17	3.88	1.08	0.80	65.35					
325	5.33	-	13.58	13.09	4.37	3.97	1.10	0.88	64.34					
326	5.35	-	13.31	13.00	4.40	3.83	1.15	1.01	67.36					
327	5.36	-	13.29	13.00	4.41	3.77	1.17	0.96	64.59					
328	5.38	-	13.39	13.02	4.37	3.93	1.11	1.00	66.71					
329	5.39	-	14.23	13.40	4.44	4.06	1.09	0.90	69.93					
330	5.41	-	13.75	13.17	4.37	4.01	1.09	0.93	74.39					
331	5.43	-	13.55	13.06	4.30	4.03	1.07	0.93	74.79					
332	5.44	-	13.66	13.12	4.35	4.03	1.08	0.88	79.11					
333	5.46	-	13.78	13.19	4.34	4.04	1.07	0.96	91.11					
334	5.48	-	13.28	12.96	4.27	3.92	1.09	0.87	102.37					
335	5.49	-	11.84	12.24	3.98	3.74	1.06	0.80	105.28					
336	5.51	-	12.17	12.39	4.11	3.75	1.10	0.61	79.60					
337	5.53	-	12.73	12.66	4.17	3.88	1.07	0.73	67.24					
338	5.54	-	13.32	12.97	4.32	3.87	1.12	0.90	62.32					
339	5.56	-	13.59	13.10	4.34	4.01	1.08	1.02	69.85					
340	5.58	-	14.52	13.53	4.52	4.09	1.11	0.97	71.22					
341	5.59	-	13.40	13.02	4.35	3.97	1.10	1.02	71.98					
342	5.61	-	14.12	13.38	4.55	3.91	1.16	0.96	66.94					
343	5.62	-	14.06	13.34	4.51	3.94	1.14	0.96	69.15					
344	5.64	-	13.50	13.09	4.46	3.85	1.16	0.98	71.38					
345	5.66	-	14.28	13.42	4.44	4.16	1.07	0.88	82.04					
346	5.67	-	14.22	13.38	4.39	4.12	1.07	0.90	89.95					
347	5.69	-	13.21	12.93	4.36	3.79	1.15	0.94	106.25					
348	5.71	-	12.15	12.40	4.15	3.65	1.14	0.80	105.81					
349	5.72	-	12.40	12.53	4.26	3.73	1.14	0.63	97.63					
350	5.74	-	11.55	12.05	3.89	3.78	1.03	0.78	72.10					
351	5.76	-	12.86	12.75	4.18	3.87	1.08	0.94	62.83					
352	5.77	-	13.64	13.11	4.28	4.01	1.07	1.00	72.63					
353	5.79	-	13.36	12.98	4.26	3.94	1.08	1.13	75.60					
354	5.81	-	12.64	12.65	4.23	3.81	1.11	1.13	74.20					
355	5.82	-	13.13	12.91	4.38	3.79	1.15	1.08	70.63					
356	5.84	-	13.49	13.08	4.40	3.84	1.15	1.02	70.92					
357	5.86	-	13.36	13.03	4.43	3.80	1.17	1.02	71.78					
358	5.87	-	14.26	13.40	4.39	4.19	1.05	0.92	81.13					
359	5.89	-	13.68	13.13	4.29	4.06	1.06	0.92	88.23					
360	5.90	-	12.92	12.81	4.36	3.82	1.14	1.02	98.68					
361	5.92	-	12.11	12.37	4.14	3.74	1.11	0.90	105.02					
362	5.94	-	11.16	11.91	4.04	3.54	1.14	0.83	98.15					
363	5.95	-	12.17	12.39	4.04	3.82	1.06	0.76	80.56					
364	5.97	-	12.99	12.79	4.20	3.93	1.07	0.93	69.45					
365	5.99	-	13.96	13.26	4.30	4.10	1.05	0.99	73.29					
366	6.00	-	13.65	13.14	4.35	4.07	1.07	1.10	79.96					
367	6.02	-	14.11	13.35	4.45	4.04	1.10	1.07	78.62					
368	6.04	-	13.61	13.10	4.32	4.04	1.07	1.11	80.97					
369	6.05	-	13.62	13.14	4.44	3.84	1.16	1.05	72.32					
370	6.07	-	13.65	13.16	4.47	3.86	1.16	1.03	75.56					
371	6.09	-	13.80	13.21	4.37	3.97	1.10	1.05	81.45					
372	6.10	-	13.60	13.11	4.32	3.98	1.09	1.00	88.81					
373	6.12	-	13.40	13.06	4.38	3.91	1.12	1.01	94.88					
374	6.13	-	12.96	12.81	4.24	3.85	1.10	0.98	103.85					
375	6.15	-	11.50	12.05	3.93	3.76	1.05	0.98	96.93					
376	6.17	-	11.37	12.00	4.07	3.57	1.14	0.64	80.12					
377	6.18	-	13.77	13.20	4.39	3.95	1.11	0.92	69.54					
378	6.20	-	14.50	13.52	4.43	4.11	1.08	0.94	64.56					
379	6.22	-	14.02	13.33	4.43	4.11	1.08	1.10	77.01					
380	6.23	-	14.17	13.39	4.46	4.07	1.10	1.08	75.17					
381	6.25	-	14.40	13.51	4.55	4.03	1.13	1.05	76.31					
382	6.27	-	14.39	13.50	4.51	4.02	1.12	1.05	73.91					
383	6.28	-	13.84	13.21	4.34	4.06	1.07	1.05	80.45					
384	6.30	-	14.24	13.40	4.42	4.13	1.07	1.00	82.33					
385	6.32	-	14.21	13.37	4.35	4.13	1.05	1.03	85.92					
386	6.33	-	14.38	13.46	4.34	4.23	1.03	1.03	94.86					
387	6.35	-	12.76	12.68	4.10	3.96	1.03	1.06	101.37					
388	6.36	-	12.02	12.32	4.10	3.79	1.08	0.97	101.61					
389	6.38	-	11.42	12.02	4.01	3.61	1.11	0.75	83.74					
390	6.40	-	12.99	12.79	4.19	3.99	1.05	0.86	69.67					
391	6.41	-	14.42	13.48	4.38	4.14	1.06	0.89	66.01					
392	6.43	-	13.98	13.29	4.32	4.15	1.04	1.04	73.54					
393	6.45	-	14.34	13.46	4.43	4.15	1.07	1.05	73.85					
394	6.46	-	13.84	13.24	4.45	3.99	1.12	1.08	72.70					
395	6.48	-	14.55	13.56	4.42	4.15	1.07	1.02	74.44					
396	6.50	-	13.52	13.09	4.38	3.92	1.12	1.05	76.85					
397	6.51	-	13.45	13.01	4.24	4.05	1.05	1.12	80.30					
398	6.53	-	14.33	13.43	4.40	4.15	1.06	1.04	83.07					
399	6.55	-	13.95	13.26	4.33	4.11	1.05	1.08	91.96					
400	6.56	-	13.63	13.10	4.23	4.09	1.03	1.04	97.04					
401	6.58	-	13.17	12.91	4.37	3.81	1.15	0.87	103.33					
402	6.60	-	12.05	12.36	4.14	3.68	1.12	0.78	86.79					
403	6.61	-	12.97	12.78	4.22	3.92	1.08	0.67	69.72					
404	6.63	-	13.65	13.11	4.29	4.01	1.07	0.97	68.54					
405	6.64	-	14.09	13.34	4.39	4.05	1.08	1.03	71.77					
406	6.66	-	14.73	13.65	4.53	4.08	1.11	1.04	69.44					
407	6.68	-	14.31	13.48	4.55	4.02	1.13	1.06	72.14					
408	6.69	-	14.62	13.60	4.54	4.05	1.12	1.02	73.42					
409	6.71	-	14.52	13.54	4.53	4.09	1.11	1.02	76.79					
410	6.73	-	14.92	13.72	4.53	4.18	1.08	0.99	78.07					
411	6.74	-	14.93	13.70	4.45	4.30	1.03	1.00	78.94					
412	6.76	-	14.65	13.58	4.39	4.25	1.03	1.03	88.78					
413	6.78	-	13.98	13.32	4.44	3.96	1.12	1.05	100.25					
414	6.79	-	12.51	12.59	4.22	3.78	1.12	0.95	100.99					
415	6.81	-	11.28	11.94	3.95	3.60	1.10	0.89	91.18					
416	6.83	-	12.04	12.31	4.01	3.80	1.05	0.72	70.44					
417	6.84	-	13.33	13.01	4.36	3.90	1.12	0.97	64.56					
418	6.86	-	13.85	13.21	4.32	4.07	1.06	0.99	69.37					
419	6.87	-	13.97	13.30	4.35	4.03	1.08	1.08	73.98					
420	6.89	-	13.82	13.23	4.43	4.01	1.10	1.10	71.44					
421	6.91	-	14.12	13.36	4.44	4.07	1.09	1.07	74.43					
422	6.92	-	14.75	13.64	4.55	4.13	1.10	1.03	74.90					
423	6.94	-	14.83	13.68	4.52	4.14	1.09	1.05	76.96					
424	6.96	-	14.97	13.74	4.53	4.20	1.08	1.00	80.62					
425	6.97	-	14.09	13.32	4.30	4.18	1.03	1.04	85.77					
426	6.99	-	13.17	12.90	4.23	3.96	1.07	1.08	99.58					
427	7.01	-	12.32	12.50	4.14	3.73	1.11	1.05	99.84					
428	7.02	-	11.35	11.99	4.03	3.56	1.13	0.98	99.99					
429	7.04	-	10.98	11.80	3.96	3.48	1.14	0.73	69.05					
430	7.06	-	13.22	12.92	4.29	3.89	1.10	0.93	67.75					
431	7.07	-	13.20	12.90	4.26	3.93	1.08	1.02	66.90					
432	7.09	-	13.84	13.23	4.37	4.01	1.09	1.06	74.78					
433	7.10	-	13.87	13.24	4.34	4.03	1.08	1.05	72.91					
434	7.12	-	14.01	13.30	4.39	4.05	1.08	1.01	74.48					
435	7.14	-	14.89	13.70	4.49	4.20	1.07	0.99	75.86					
436	7.15	-	14.31	13.43	4.41	4.13	1.07	1.00	78.30					
437	7.17	-	14.64	13.58	4.47	4.16	1.07	1.03	81.13					
438	7.19	-	13.91	13.23	4.30	4.15	1.04	1.03	84.70					
439	7.20	-	13.19	12.91	4.27	3.94	1.09	1.07	97.64					
440	7.22	-	12.23	12.42	4.05	3.85	1.05	1.02	97.81					
441	7.24	-	11.88	12.25	4.06	3.71	1.09	0.92	103.00					
442	7.25	-	11.17	11.88	3.99	3.55	1.13	0.69	71.23					
443	7.27	-	12.94	12.78	4.26	3.84	1.11	0.88	67.18					
444	7.29	-	13.09	12.85	4.29	3.90	1.10	0.96	62.80					
445	7.30	-	14.23	13.41	4.37	4.12	1.06	1.09	70.17					
446	7.32	-	14.00	13.30	4.36	4.05	1.08	1.10	73.11					
447	7.34	-	14.34	13.45	4.44	4.10	1.08	1.08	72.31					
448	7.35	-	14.33	13.45	4.46	4.06	1.10	1.04	72.20					
449	7.37	-	14.19	13.38	4.42	4.09	1.08	1.07	78.79					
450	7.38	-	14.01	13.28	4.32	4.14	1.04	1.10	82.18					
451	7.40	-	13.77	13.17	4.28	4.10	1.04	1.08	84.47					
452	7.42	-	14.22	13.38	4.35	4.14	1.05	1.04	94.95					
453	7.43	-	12.66	12.63	4.13	3.86	1.07	1.03	101.56					
454	7.45	-	11.93	12.29	4.08	3.76	1.08	1.05	95.99					
455	7.47	-	11.46	12.07	4.13	3.49	1.18	0.78	79.18					
456	7.48	-	12.35	12.52	4.22	3.64	1.16	0.92	69.06					
457	7.50	-	13.27	12.97	4.42	3.80	1.16	1.00	65.02					
458	7.52	-	14.26	13.40	4.36	4.15	1.05	1.02	67.35					
459	7.53	-	14.01	13.31	4.41	4.01	1.10	1.07	72.34					
460	7.55	-	13.91	13.26	4.40	3.98	1.10	1.05	74.55					
461	7.57	-	14.17	13.38	4.43	4.04	1.10	1.01	74.17					
462	7.58	-	14.35	13.46	4.50	4.03	1.12	1.02	76.57					
463	7.60	-	13.96	13.26	4.34	4.06	1.07	1.06	82.63					
464	7.61	-	14.28	13.40	4.31	4.22	1.02	1.05	86.54					
465	7.63	-	14.41	13.48	4.37	4.21	1.04	1.07	95.93					
466	7.65	-	13.44	13.03	4.32	3.91	1.11	1.07	102.75					
467	7.66	-	12.06	12.34	4.10	3.72	1.10	0.96	102.29					
468	7.68	-	11.20	11.98	4.19	3.37	1.25	0.87	85.71					
469	7.70	-	11.56	12.08	4.02	3.65	1.10	0.76	66.20					
470	7.71	-	12.13	12.42	4.27	3.60	1.19	0.97	61.67					
471	7.73	-	13.53	13.08	4.41	3.88	1.13	1.05	66.76					
472	7.75	-	13.83	13.21	4.40	4.01	1.10	1.13	72.55					
473	7.76	-	13.76	13.18	4.36	3.97	1.10	1.10	76.32					
474	7.78	-	13.69	13.16	4.41	3.91	1.13	1.09	75.62					
475	7.80	-	13.79	13.19	4.37	3.98	1.10	1.04	77.76					
476	7.81	-	13.56	13.11	4.36	3.89	1.12	1.08	86.52					
477	7.83	-	13.75	13.17	4.36	4.07	1.07	1.06	87.08					
478	7.85	-	13.71	13.14	4.26	4.13	1.03	1.08	93.66					
479	7.86	-	12.77	12.69	4.17	3.84	1.09	1.12	104.27					
480	7.88	-	11.15	11.86	3.91	3.63	1.08	1.08	98.63					
481	7.89	-	11.23	11.95	4.03	3.44	1.17	0.87	94.67					
482	7.91	-	12.09	12.37	4.17	3.66	1.14	0.77	64.16					
483	7.93	-	11.82	12.28	4.24	3.55	1.19	0.95	64.23					
484	7.94	-	13.27	12.97	4.37	3.79	1.15	1.09	68.38					
485	7.96	-	13.64	13.12	4.36	3.96	1.10	1.20	76.42					
486	7.98	-	13.98	13.29	4.39	4.02	1.09	1.18	80.20					
487	7.99	-	13.81	13.22	4.42	3.94	1.12	1.16	83.34					
488	8.01	-	13.68	13.12	4.33	4.04	1.07	1.15	89.06					
489	8.03	-	13.82	13.19	4.37	4.07	1.07	1.16	89.26					
490	8.04	-	13.46	13.02	4.30	4.01	1.07	1.16	87.98					
491	8.06	-	13.50	13.04	4.20	4.11	1.02	1.17	90.81					
492	8.08	-	13.06	12.85	4.24	3.84	1.11	1.17	102.52					
493	8.09	-	11.77	12.20	4.05	3.78	1.07	1.16	101.42					
494	8.11	-	11.36	12.01	4.06	3.52	1.15	1.00	98.04					
495	8.12	-	9.46	11.01	3.83	3.07	1.25	0.86	68.37					
496	8.14	-	12.10	12.41	4.25	3.60	1.18	1.02	66.31					
497	8.16	-	12.42	12.61	4.39	3.53	1.24	1.04	64.03					
498	8.17	-	13.22	12.95	4.37	3.78	1.16	1.12	69.67					
499	8.19	-	13.09	12.86	4.29	3.86	1.11	1.17	75.80					
500	8.21	-	12.84	12.77	4.34	3.74	1.16	1.13	78.24					
501	8.22	-	13.42	13.02	4.35	3.91	1.11	1.12	77.26					
502	8.24	-	13.28	12.93	4.20	4.04	1.04	1.13	84.19					
503	8.26	-	13.27	12.93	4.21	4.05	1.04	1.14	86.24					
504	8.27	-	13.66	13.11	4.21	4.11	1.02	1.14	87.35					
505	8.29	-	13.26	12.92	4.25	3.99	1.06	1.16	94.67					
506	8.31	-	11.80	12.21	4.04	3.65	1.11	1.17	100.02					
507	8.32	-	11.60	12.10	4.00	3.65	1.10	1.09	99.38					
508	8.34	-	9.44	10.99	3.83	3.12	1.23	0.83	80.51					
509	8.36	-	11.97	12.41	4.32	3.39	1.27	0.95	67.01					
510	8.37	-	11.79	12.28	4.23	3.47	1.22	1.02	60.71					
511	8.39	-	12.26	12.49	4.21	3.59	1.17	1.00	69.91					
512	8.40	-	12.10	12.40	4.20	3.63	1.16	1.09	74.51					
513	8.42	-	12.59	12.64	4.26	3.72	1.14	1.11	75.22					
514	8.44	-	12.81	12.73	4.26	3.82	1.11	1.11	75.16					
515	8.45	-	13.32	12.95	4.22	4.05	1.04	1.12	84.54					
516	8.47	-	13.73	13.14	4.27	4.09	1.04	1.19	88.24					
517	8.49	-	13.55	13.06	4.25	4.09	1.04	1.21	88.21					
518	8.50	-	13.75	13.16	4.31	4.10	1.05	1.24	89.05					
519	8.52	-	12.14	12.40	4.12	3.69	1.12	1.24	96.70					
520	8.54	-	10.89	11.73	3.89	3.51	1.11	1.22	96.03					
521	8.55	-	10.15	11.40	3.98	3.20	1.24	1.01	83.16					
522	8.57	-	10.30	11.42	3.88	3.35	1.16	0.91	63.69					
523	8.59	-	10.50	11.61	4.05	3.24	1.25	1.05	62.36					
524	8.60	-	12.01	12.40	4.26	3.45	1.23	1.04	65.39					
525	8.62	-	11.78	12.24	4.16	3.56	1.17	1.04	74.13					
526	8.63	-	12.37	12.54	4.25	3.64	1.17	1.09	74.47					
527	8.65	-	12.37	12.56	4.27	3.58	1.19	1.07	76.99					
528	8.67	-	13.79	13.18	4.31	4.10	1.05	1.12	81.88					
529	8.68	-	12.79	12.71	4.18	3.90	1.07	1.16	87.14					
530	8.70	-	13.35	12.97	4.29	4.00	1.07	1.18	85.27					
531	8.72	-	13.32	12.95	4.21	4.05	1.04	1.19	89.26					
532	8.73	-	12.15	12.40	4.11	3.74	1.10	1.17	97.00					
533	8.75	-	11.23	11.92	3.99	3.54	1.13	1.21	96.46					
534	8.77	-	10.83	11.71	3.91	3.47	1.13	1.07	91.68					
535	8.78	-	10.06	11.30	3.86	3.33	1.16	0.88	63.86					
536	8.80	-	10.77	11.79	4.15	3.20	1.30	1.00	60.44					
537	8.82	-	11.24	12.01	4.17	3.32	1.26	0.96	59.32					
538	8.83	-	11.38	12.05	4.16	3.43	1.21	1.01	68.74					
539	8.85	-	11.78	12.26	4.24	3.52	1.20	1.05	71.72					
540	8.86	-	11.97	12.39	4.29	3.47	1.24	1.01	70.56					
541	8.88	-	12.49	12.59	4.22	3.73	1.13	1.08	73.65					
542	8.90	-	12.64	12.65	4.14	3.88	1.07	1.20	84.78					
543	8.91	-	12.68	12.66	4.11	3.98	1.03	1.17	86.57					
544	8.93	-	12.54	12.57	4.14	3.86	1.07	1.14	88.63					
545	8.95	-	11.88	12.25	4.04	3.68	1.10	1.14	97.91					
546	8.96	-	11.63	12.13	4.02	3.63	1.11	1.17	96.60					
547	8.98	-	11.04	11.82	3.95	3.49	1.13	1.09	95.59					
548	9.00	-	9.42	11.06	3.96	2.97	1.33	0.87	67.04					
549	9.01	-	10.21	11.45	3.99	3.18	1.25	0.91	63.31					
550	9.03	-	10.49	11.69	4.20	3.12	1.34	0.93	63.25					
551	9.05	-	10.65	11.75	4.20	3.23	1.30	0.91	72.28					
552	9.06	-	11.92	12.34	4.27	3.51	1.22	1.10	73.72					
553	9.08	-	11.27	11.99	4.14	3.45	1.20	1.03	72.74					
554	9.10	-	12.02	12.35	4.18	3.63	1.15	1.07	73.81					
555	9.11	-	11.81	12.22	4.10	3.67	1.12	1.13	82.61					
556	9.13	-	12.00	12.31	4.04	3.81	1.06	1.15	85.90					
557	9.14	-	11.80	12.19	4.01	3.76	1.07	1.08	89.76					
558	9.16	-	12.43	12.52	4.09	3.80	1.08	1.14	93.50					
559	9.18	-	11.38	12.00	3.98	3.56	1.12	1.05	95.98					
560	9.19	-	11.30	11.94	3.95	3.65	1.08	1.02	96.58					
561	9.21	-	9.14	10.86	3.84	2.99	1.29	0.71	66.28					
562	9.23	-	10.24	11.48	4.04	3.14	1.28	0.98	64.58					
563	9.24	-	10.50	11.67	4.17	3.16	1.32	0.98	61.92					
564	9.26	-	11.11	11.89	4.07	3.45	1.18	1.02	69.84					
565	9.28	-	11.69	12.19	4.16	3.56	1.17	1.06	80.18					
566	9.29	-	11.25	11.95	4.07	3.47	1.18	1.04	82.16					
567	9.31	-	12.13	12.41	4.20	3.61	1.16	1.02	83.06					
568	9.33	-	11.72	12.21	4.16	3.52	1.18	1.10	86.31					
569	9.34	-	11.78	12.25	4.19	3.49	1.20	1.11	84.34					
570	9.36	-	11.34	12.00	4.09	3.51	1.17	1.09	87.32					
571	9.37	-	11.39	12.00	4.00	3.57	1.12	1.03	89.56					
572	9.39	-	10.83	11.71	3.89	3.47	1.12	1.16	91.77					
573	9.41	-	10.71	11.63	3.78	3.56	1.06	1.04	94.60					
574	9.42	-	9.32	10.90	3.78	3.13	1.21	0.96	78.69					
575	9.44	-	9.76	11.25	3.89	2.99	1.30	0.87	64.74					
576	9.46	-	10.22	11.45	3.99	3.23	1.24	0.95	70.90					
577	9.47	-	11.42	12.05	4.06	3.47	1.17	1.03	71.52					
578	9.49	-	11.33	11.97	4.03	3.52	1.14	1.04	80.28					
579	9.51	-	11.61	12.10	4.02	3.63	1.11	1.06	78.77					
580	9.52	-	11.19	11.90	4.02	3.53	1.14	1.04	80.75					
581	9.54	-	12.29	12.45	4.10	3.79	1.08	1.09	82.65					
582	9.56	-	11.10	11.83	3.87	3.67	1.06	1.06	87.09					
583	9.57	-	11.54	12.07	3.98	3.67	1.08	1.08	89.16					
584	9.59	-	11.39	11.99	3.97	3.60	1.10	1.10	87.85					
585	9.61	-	11.96	12.31	4.11	3.65	1.13	1.13	92.53					
586	9.62	-	10.74	11.64	3.77	3.63	1.04	1.10	95.01					
587	9.64	-	9.85	11.22	3.87	3.17	1.22	1.02	79.38					
588	9.65	-	10.66	11.66	4.01	3.30	1.21	0.86	69.43					
589	9.67	-	10.29	11.44	3.93	3.29	1.19	0.99	70.02					
590	9.69	-	11.43	12.09	4.20	3.40	1.24	1.07	70.84					
591	9.70	-	11.39	12.03	4.13	3.51	1.17	1.09	73.58					
592	9.72	-	11.82	12.22	4.10	3.65	1.13	1.14	76.21					
593	9.74	-	11.83	12.23	4.11	3.62	1.14	1.06	78.33					
594	9.75	-	12.26	12.45	4.15	3.72	1.11	1.14	81.93					
595	9.77	-	11.47	12.05	4.00	3.65	1.10	1.13	87.48					
596	9.79	-	11.32	11.94	3.89	3.69	1.05	1.19	87.23					
597	9.80	-	10.60	11.57	3.83	3.47	1.10	1.08	88.66					
598	9.82	-	10.31	11.43	3.86	3.38	1.14	1.03	88.84					
599	9.84	-	9.74	11.09	3.66	3.38	1.08	1.15	90.37					
600	9.85	-	10.29	11.46	4.01	3.29	1.22	1.01	87.25					
601	9.87	-	9.75	11.17	3.86	3.16	1.22	0.95	73.27					
602	9.88	-	10.12	11.40	4.00	3.22	1.24	1.05	70.89					
603	9.90	-	10.66	11.69	4.05	3.28	1.24	1.07	68.16					
604	9.92	-	10.97	11.81	4.01	3.44	1.17	1.00	77.33					
605	9.93	-	11.48	12.03	3.99	3.68	1.08	1.12	78.70					
606	9.95	-	11.92	12.26	4.02	3.80	1.06	1.11	81.61					
607	9.97	-	12.20	12.39	4.03	3.82	1.05	1.15	84.32					
608	9.98	-	11.64	12.11	3.92	3.78	1.04	1.17	90.17					
609	10.00	-	11.85	12.22	3.98	3.76	1.06	1.18	89.10					
610	10.02	-	10.84	11.69	3.89	3.59	1.09	1.14	91.74					
611	10.03	-	10.52	11.54	3.89	3.48	1.12	1.21	90.42					
612	10.05	-	9.68	11.07	3.75	3.30	1.14	1.18	88.60					
613	10.07	-	9.68	11.09	3.77	3.22	1.17	1.11	87.88					
614	10.08	-	8.76	10.65	3.82	2.90	1.32	0.96	72.15					
615	10.10	-	10.29	11.51	4.07	3.15	1.29	1.05	70.81					
616	10.11	-	9.79	11.21	3.96	3.12	1.27	0.99	67.33					
617	10.13	-	11.27	12.01	4.19	3.36	1.24	1.17	72.11					
618	10.15	-	11.13	11.86	3.92	3.56	1.10	1.18	77.36					
619	10.16	-	11.53	12.07	3.98	3.64	1.09	1.20	80.34					
620	10.18	-	11.08	11.85	3.86	3.66	1.05	1.21	82.69					
621	10.20	-	11.49	12.06	3.98	3.61	1.10	1.23	90.48					
622	10.21	-	11.39	11.98	3.88	3.71	1.05	1.25	91.66					
623	10.23	-	11.17	11.87	3.93	3.65	1.08	1.20	92.42					
624	10.25	-	10.84	11.69	3.79	3.58	1.06	1.24	95.78					
625	10.26	-	10.39	11.44	3.78	3.49	1.08	1.13	98.08					
626	10.28	-	9.07	10.69	3.48	3.27	1.06	1.12	91.23					
627	10.30	-	7.77	9.97	3.50	2.82	1.24	1.04	76.07					
628	10.31	-	8.78	10.62	3.76	2.96	1.27	1.00	72.43					
629	10.33	-	9.08	10.84	3.88	2.92	1.33	1.06	68.16					
630	10.35	-	10.02	11.37	4.03	3.10	1.30	1.05	70.71					
631	10.36	-	10.11	11.34	3.88	3.26	1.19	1.19	74.04					
632	10.38	-	10.61	11.59	3.87	3.48	1.11	1.22	79.24					
633	10.39	-	10.70	11.64	3.85	3.57	1.08	1.21	83.17					
634	10.41	-	11.27	11.92	3.89	3.71	1.05	1.25	91.54					
635	10.43	-	10.89	11.72	3.85	3.61	1.07	1.29	93.21					
636	10.44	-	10.69	11.62	3.80	3.57	1.07	1.29	94.09					
637	10.46	-	10.48	11.50	3.79	3.58	1.06	1.33	93.78					
638	10.48	-	9.64	11.02	3.55	3.46	1.03	1.25	97.61					
639	10.49	-	9.28	10.82	3.62	3.33	1.09	1.19	94.07					
640	10.51	-	8.03	10.17	3.64	2.83	1.28	1.09	77.95					
641	10.53	-	9.53	11.08	3.92	3.06	1.28	0.97	69.26					
642	10.54	-	8.92	10.76	3.85	2.90	1.33	1.09	69.31					
643	10.56	-	9.73	11.19	3.92	3.08	1.27	1.09	68.85					
644	10.58	-	10.39	11.50	3.89	3.31	1.18	1.10	77.41					
645	10.59	-	10.70	11.66	3.87	3.45	1.12	1.16	79.14					
646	10.61	-	10.87	11.72	3.89	3.49	1.11	1.12	84.69					
647	10.62	-	11.10	11.84	3.91	3.69	1.06	1.22	88.47					
648	10.64	S	11.44	12.01	3.93	3.65	1.04	1.27	89.59					
649	10.66	-	10.57	11.54	3.80	3.57	1.06	1.29	90.80					
650	10.67	-	10.34	11.42	3.79	3.53	1.07	1.27	91.90					
651	10.69	-	10.44	11.49	3.82	3.47	1.10	1.29	92.46					
652	10.71	-	9.62	11.02	3.69	3.33	1.11	1.15	93.65					
653	10.72	-	9.00	10.68	3.59	3.17	1.13	1.08	88.81					
654	10.74	D	8.83	10.76	3.80	2.81	1.39	0.89	69.33					
655	10.76	-	9.04	10.89	3.97	2.85	1.39	1.01	71.42					
656	10.77	-	9.05	10.81	3.82	2.94	1.30	1.03	67.53					
657	10.79	-	9.87	11.23	3.81	3.15	1.21	1.11	71.69					
658	10.81	-	10.02	11.26	3.69	3.42	1.08	1.09	77.36					
659	10.82	-	10.32	11.44	3.83	3.41	1.12	1.12	79.07					
660	10.84	-	10.63	11.59	3.89	3.46	1.12	1.12	82.49					
661	10.86	S	11.28	11.93	3.92	3.61	1.05	1.22	87.35					
662	10.87	-	10.22	11.37	3.71	3.52	1.05	1.26	86.69					
663	10.89	-	10.20	11.33	3.72	3.54	1.05	1.28	90.86					
664	10.90	-	9.85	11.15	3.71	3.38	1.10	1.27	90.31					
665	10.92	-	9.18	10.79	3.65	3.18	1.15	1.15	90.94					
666	10.94	-	8.50	10.40	3.57	3.02	1.18	1.13	86.29					
667	10.95	D	7.82	10.30	5.89	3.84	1.46	1.04	65.98					
668	10.97	-	8.81	10.75	3.92	2.81	1.39	1.01	72.24					
669	10.99	-	8.94	10.79	3.91	2.88	1.36	1.03	68.35					
670	11.00	-	9.75	11.14	3.81	3.18	1.20	1.10	73.29					
671	11.02	-	10.11	11.31	3.76	3.33	1.13	1.14	75.82					
672	11.04	-	10.07	11.30	3.80	3.37	1.13	1.12	79.84					
673	11.05	S	10.15	11.32	3.79	3.41	1.10	1.16	79.52					
674	11.07	-	9.84	11.16	3.68	3.42	1.08	1.25	86.38					
675	11.09	-	9.59	11.02	3.65	3.37	1.08	1.24	86.66					
676	11.10	-	9.18	10.76	3.56	3.26	1.09	1.21	89.55					
677	11.12	-	9.27	10.82	3.61	3.24	1.11	1.21	91.21					
678	11.13	-	9.32	10.91	3.75	3.12	1.20	1.15	90.15					
679	11.15	-	8.48	10.39	3.60	3.00	1.20	1.07	88.06					
680	11.17	D	7.77	10.15	5.87	4.04	1.42	1.02	66.68					
681	11.18	-	8.11	10.37	3.83	2.72	1.41	1.00	69.05					
682	11.20	-	8.52	10.57	3.85	2.76	1.39	1.07	69.36					
683	11.22	-	9.32	10.95	3.86	3.00	1.28	1.05	70.20					
684	11.23	-	9.85	11.17	3.74	3.26	1.15	1.05	75.67					
685	11.25	-	10.20	11.36	3.77	3.39	1.11	1.02	81.30					
686	11.27	-	9.20	10.79	3.60	3.29	1.10	0.99	83.11					
687	11.28	S	9.93	11.21	3.78	3.36	1.14	1.10	84.35					
688	11.30	-	9.67	11.04	3.60	3.34	1.08	1.18	85.76					
689	11.32	-	9.66	11.04	3.69	3.31	1.12	1.20	87.77					
690	11.33	-	9.36	10.89	3.70	3.23	1.14	1.21	89.88					
691	11.35	-	9.36	10.96	3.85	3.08	1.25	1.16	90.89					
692	11.36	-	8.67	10.54	3.69	2.99	1.24	1.09	89.29					
693	11.38	D	7.60	10.09	5.75	3.85	1.48	1.02	72.24					
694	11.40	-	7.77	10.19	3.81	2.55	1.49	0.98	70.78					
695	11.41	-	7.77	10.18	3.84	2.61	1.47	1.09	70.08					
696	11.43	-	8.64	10.62	3.89	2.86	1.36	1.01	71.97					
697	11.45	-	8.68	10.53	3.61	2.98	1.21	1.02	73.77					
698	11.46	-	9.58	11.02	3.72	3.21	1.16	1.06	78.80					
699	11.48	-	9.37	10.89	3.64	3.27	1.11	0.99	81.33					
700	11.50	-	10.17	11.34	3.81	3.33	1.15	0.97	90.87					
701	11.51	S	9.44	10.93	3.66	3.24	1.05	1.12	94.28					
702	11.53	-	9.24	10.82	3.62	3.23	1.12	1.12	91.65					
703	11.55	-	8.84	10.60	3.68	3.10	1.19	1.14	93.62					
704	11.56	-	8.59	10.48	3.66	3.01	1.21	1.17	92.35					
705	11.58	-	7.78	10.07	3.59	2.76	1.30	1.07	88.20					
706	11.60	-	7.25	9.71	3.51	2.59	1.35	1.08	80.50					
707	11.61	D	7.65	10.12	5.87	3.97	1.51	1.03	69.02					
708	11.63	-	7.54	10.17	3.89	2.42	1.61	1.07	68.41					
709	11.64	-	8.07	10.45	3.93	2.60	1.51	1.14	66.70					
710	11.66	-	8.63	10.64	3.87	2.86	1.35	1.12	69.56					
711	11.68	-	9.07	10.76	3.68	3.07	1.20	1.12	75.80					
712	11.69	-	9.23	10.82	3.64	3.17	1.15	1.04	80.11					
713	11.71	-	10.19	11.41	3.97	3.26	1.22	0.93	90.58					
714	11.73	-	9.29	10.84	3.65	3.23	1.13	1.04	93.84					
715	11.74	S	9.13	10.75	3.58	3.21	1.07	1.20	92.57					
716	11.76	-	8.45	10.33	3.43	3.11	1.10	1.18	93.74					
717	11.78	-	8.69	10.50	3.56	3.06	1.16	1.29	91.27					
718	11.79	-	7.89	10.11	3.58	2.82	1.27	1.10	94.04					
719	11.81	-	7.05	9.68	3.59	2.49	1.44	1.13	82.14					
720	11.83	D	6.49	9.59	5.83	3.25	1.72	1.08	66.73					
721	11.84	-	7.39	10.08	3.89	2.43	1.60	1.20	69.78					
722	11.86	-	7.64	10.20	3.88	2.50	1.55	1.18	66.21					
723	11.87	-	8.53	10.58	3.87	2.81	1.38	1.10	71.41					
724	11.89	-	9.79	11.17	3.88	3.19	1.22	1.06	77.40					
725	11.91	-	9.91	11.22	3.82	3.26	1.17	1.00	84.06					
726	11.92	-	9.99	11.22	3.69	3.46	1.07	1.02	80.14					
727	11.94	-	10.11	11.29	3.70	3.50	1.06	1.08	90.79					
728	11.96	S	8.26	10.25	3.37	3.11	1.06	1.15	87.93					
729	11.97	-	8.65	10.46	3.49	3.13	1.12	1.25	88.38					
730	11.99	-	8.66	10.46	3.53	3.14	1.12	1.25	90.06					
731	12.01	-	8.10	10.31	3.74	2.75	1.36	1.25	87.66					
732	12.02	-	7.18	9.78	3.61	2.56	1.41	1.18	84.68					
733	12.04	D	6.51	9.70	6.05	3.21	1.80	1.16	68.78					
734	12.06	-	6.96	9.94	3.90	2.21	1.76	1.20	68.54					
735	12.07	-	7.76	10.36	3.94	2.44	1.61	1.15	65.07					
736	12.09	-	8.20	10.32	3.69	2.79	1.33	1.17	65.34					
737	12.10	-	9.63	11.08	3.83	3.16	1.21	1.03	73.63					
738	12.12	-	9.77	11.16	3.84	3.28	1.17	0.93	79.62					
739	12.14	-	9.64	11.03	3.64	3.33	1.09	1.00	80.88					
740	12.15	-	9.43	10.91	3.65	3.30	1.11	1.05	84.05					
741	12.17	S	8.17	10.19	3.39	3.08	1.10	1.07	86.08					
742	12.19	-	8.65	10.44	3.44	3.22	1.07	1.18	85.64					
743	12.20	-	8.83	10.57	3.57	3.18	1.12	1.25	88.13					
744	12.22	-	8.37	10.52	3.85	2.79	1.38	1.23	88.29					
745	12.24	-	7.33	9.95	3.74	2.47	1.52	1.20	83.40					
746	12.25	D	6.14	9.22	5.53	3.40	1.73	1.17	70.84					
747	12.27	-	6.77	9.81	3.89	2.18	1.79	1.24	68.29					
748	12.29	-	6.74	9.64	3.70	2.30	1.61	1.13	64.68					
749	12.30	-	7.57	9.94	3.62	2.63	1.38	1.05	67.04					
750	12.32	-	9.38	10.95	3.78	3.09	1.22	0.84	75.41					
751	12.34	-	9.75	11.16	3.85	3.18	1.21	0.84	78.58					
752	12.35	-	10.00	11.24	3.75	3.36	1.12	0.86	80.25					
753	12.37	-	10.23	11.38	3.81	3.36	1.13	0.89	83.49					
754	12.38	S	8.67	10.48	3.53	3.21	1.10	0.93	86.56					
755	12.40	-	8.79	10.52	3.44	3.27	1.05	1.11	86.22					
756	12.42	-	8.43	10.32	3.47	3.14	1.10	1.17	85.04					
757	12.43	-	8.32	10.37	3.64	2.94	1.24	1.23	83.58					
758	12.45	-	7.08	9.74	3.63	2.51	1.44	1.14	82.10					
759	12.47	-	6.94	9.85	3.81	2.31	1.65	1.17	74.15					
760	12.48	D	6.89	9.66	5.79	3.78	1.68	1.15	65.63					
761	12.50	-	6.65	9.65	3.75	2.32	1.61	1.08	66.01					
762	12.52	-	7.14	9.62	3.47	2.62	1.32	1.10	61.72					
763	12.53	-	9.39	11.00	3.86	2.98	1.30	0.74	66.57					
764	12.55	-	9.69	11.16	3.95	3.10	1.27	0.71	70.70					
765	12.57	-	10.01	11.33	3.98	3.15	1.26	0.69	77.06					
766	12.58	-	10.26	11.44	3.92	3.27	1.20	0.86	79.47					
767	12.60	S	8.05	10.09	3.30	3.12	1.15	0.84	82.50					
768	12.61	-	9.72	11.11	3.79	3.27	1.16	0.98	81.37					
769	12.63	-	8.20	10.18	3.41	3.10	1.10	1.10	84.49					
770	12.65	-	8.35	10.32	3.59	2.97	1.21	1.16	82.58					
771	12.66	-	7.44	9.98	3.71	2.58	1.44	1.22	76.96					
772	12.68	-	6.99	9.70	3.68	2.44	1.51	1.18	73.85					
773	12.70	D	5.89	9.22	5.63	3.03	1.83	1.13	62.96					
774	12.71	-	6.82	9.73	3.77	2.34	1.61	1.12	65.73					
775	12.73	-	7.54	9.96	3.65	2.61	1.39	1.08	59.76					
776	12.75	-	8.37	10.45	3.81	2.78	1.37	0.75	63.92					
777	12.76	-	9.69	11.20	3.97	3.01	1.32	0.54	73.84					
778	12.78	-	9.77	11.21	3.95	3.11	1.27	0.48	80.56					
779	12.80	-	9.75	11.20	3.91	3.09	1.27	0.61	84.67					
780	12.81	S	8.92	10.65	3.67	3.14	1.17	0.74	85.05					
781	12.83	-	9.52	11.03	3.81	3.12	1.22	0.80	81.02					
782	12.84	-	9.43	10.98	3.84	3.12	1.23	0.92	81.46					
783	12.86	-	9.51	11.02	3.83	3.19	1.20	1.02	78.89					
784	12.88	-	8.03	10.23	3.68	2.80	1.31	1.16	73.95					
785	12.89	-	7.26	10.07	3.91	2.36	1.66	1.16	72.54					
786	12.91	D	5.81	9.21	5.78	3.04	1.92	1.00	65.25					
787	12.93	-	7.03	9.92	3.88	2.31	1.68	1.10	65.05					
788	12.94	-	6.97	9.60	3.55	2.49	1.42	1.07	60.36					
789	12.96	-	7.74	10.05	3.65	2.66	1.37	0.89	62.16					
790	12.98	-	9.71	11.32	4.17	2.91	1.43	0.61	69.86					
791	12.99	-	9.43	11.02	3.91	3.05	1.28	0.49	81.12					
792	13.01	-	9.96	11.35	4.05	3.08	1.32	0.62	80.52					
793	13.03	S	8.34	10.27	3.45	3.08	1.16	0.68	88.86					
794	13.04	-	9.91	11.26	3.90	3.14	1.24	0.79	81.31					
795	13.06	-	9.70	11.16	3.93	3.12	1.26	0.91	82.42					
796	13.08	-	9.39	10.97	3.82	3.08	1.24	0.96	80.20					
797	13.09	-	7.95	10.29	3.80	2.63	1.45	1.04	73.34					
798	13.11	-	7.07	9.82	3.73	2.41	1.55	1.05	73.00					
799	13.12	D	6.09	9.16	5.52	3.36	1.68	1.12	63.62					
800	13.14	-	6.46	9.46	3.67	2.25	1.63	1.06	63.77					
801	13.16	-	7.88	10.21	3.78	2.63	1.44	1.22	54.58					
802	13.17	-	7.82	10.05	3.59	2.78	1.29	0.90	55.37					
803	13.19	-	8.95	10.83	3.99	2.85	1.40	0.46	66.27					
804	13.21	-	8.25	10.29	3.63	2.87	1.27	0.39	71.17					
805	13.22	S	8.20	10.21	3.53	2.96	1.30	0.43	87.35					
806	13.24	-	9.49	11.04	3.87	3.09	1.25	0.54	97.10					
807	13.26	-	9.58	11.04	3.80	3.18	1.19	0.65	93.69					
808	13.27	-	9.62	11.11	3.87	3.11	1.25	0.76	85.95					
809	13.29	-	9.10	10.80	3.78	3.04	1.24	0.84	83.48					
810	13.31	-	8.42	10.52	3.85	2.76	1.40	0.90	71.91					
811	13.32	-	7.19	9.79	3.65	2.46	1.48	0.93	69.67					
812	13.34	D	6.62	9.41	5.49	3.71	1.54	1.06	60.82					
813	13.35	-	7.23	9.86	3.75	2.49	1.51	0.97	58.09					
814	13.37	-	7.58	10.06	3.76	2.59	1.45	0.96	57.93					
815	13.39	-	8.16	10.30	3.72	2.75	1.35	0.98	52.58					
816	13.40	-	8.94	10.79	3.92	2.88	1.36	0.56	63.05					
817	13.42	-	8.36	10.45	3.78	2.77	1.36	0.37	78.03					
818	13.44	S	7.85	10.08	3.62	2.78	1.34	0.41	80.34					
819	13.45	-	9.09	10.87	3.88	2.93	1.33	0.44	96.69					
820	13.47	-	9.45	11.00	3.80	3.11	1.22	0.56	102.17					
821	13.49	-	9.65	11.18	3.95	3.03	1.30	0.74	84.21					
822	13.50	-	9.52	11.12	3.94	3.00	1.31	0.84	79.02					
823	13.52	-	8.60	10.49	3.66	2.94	1.24	0.89	76.24					
824	13.54	-	7.55	9.89	3.60	2.74	1.31	0.99	69.17					
825	13.55	-	6.92	9.46	3.42	2.64	1.29	0.98	64.59					
826	13.57	D	6.41	9.19	5.09	4.02	1.29	0.95	51.09					
827	13.58	-	8.11	10.33	3.76	2.71	1.39	1.05	53.01					
828	13.60	-	8.08	10.40	3.92	2.61	1.50	0.88	50.32					
829	13.62	-	7.94	10.23	3.74	2.67	1.40	0.61	56.61					
830	13.63	-	8.77	10.78	4.03	2.77	1.46	0.37	73.31					
831	13.65	-	7.54	9.84	5.45	4.29	1.27	0.27	74.17					
832	13.67	S	8.53	10.50	3.75	2.85	1.45	0.51	85.99					
833	13.68	-	9.27	10.96	3.93	3.02	1.30	0.48	109.18					
834	13.70	-	9.70	11.24	4.04	3.03	1.34	0.67	90.92					
835	13.72	-	9.02	10.81	3.90	2.96	1.32	0.66	88.39					
836	13.73	-	9.48	11.09	3.97	2.98	1.33	0.77	85.95					
837	13.75	-	8.12	10.25	3.67	2.80	1.31	0.95	72.78					
838	13.77	-	7.44	9.78	3.47	2.72	1.27	1.03	63.40					
839	13.78	D	5.76	8.70	4.70	3.74	1.27	0.82	46.33					
840	13.80	-	6.72	9.41	3.50	2.48	1.41	0.83	51.66					
841	13.81	-	7.66	10.01	3.68	2.66	1.38	0.97	46.06					
842	13.83	-	7.62	10.04	3.66	2.62	1.40	0.54	49.04					
843	13.85	-	8.76	10.72	3.91	2.83	1.38	0.44	71.89					
844	13.86	-	7.38	9.78	3.51	2.64	1.33	0.22	63.61					
845	13.88	S	8.27	10.39	3.79	2.77	1.48	0.35	81.85					
846	13.90	-	8.65	10.64	3.93	2.85	1.38	0.34	111.22					
847	13.91	-	8.84	10.78	3.96	2.84	1.39	0.46	92.27					
848	13.93	-	8.76	10.79	4.05	2.76	1.47	0.54	83.83					
849	13.95	-	8.16	10.31	3.73	2.72	1.37	0.61	79.74					
850	13.96	-	7.84	10.06	3.57	2.76	1.29	0.90	73.27					
851	13.98	-	6.52	9.11	3.09	2.65	1.17	0.87	63.32					
852	14.00	D	6.31	9.07	4.92	3.98	1.27	1.03	51.82					
853	14.01	-	6.59	9.29	3.41	2.47	1.38	0.89	52.35					
854	14.03	-	7.51	10.07	3.80	2.44	1.55	0.85	47.18					
855	14.05	-	6.98	9.54	3.45	2.53	1.36	0.57	39.49					
856	14.06	-	8.12	10.32	3.80	2.72	1.39	0.31	55.54					
857	14.08	-	7.42	9.85	3.59	2.59	1.39	0.20	48.62					
858	14.09	-	7.82	10.15	3.75	2.65	1.42	0.24	69.40					
859	14.11	-	8.21	10.46	3.92	2.63	1.49	0.30	85.87					
860	14.13	S	7.85	10.09	3.65	2.73	1.41	0.33	94.29					
861	14.14	-	8.78	10.69	3.91	2.90	1.35	0.43	92.86					
862	14.16	-	8.92	10.74	3.85	2.95	1.31	0.53	86.88					
863	14.18	-	7.80	10.12	3.71	2.63	1.41	0.69	72.50					
864	14.19	-	6.83	9.50	3.51	2.47	1.42	0.74	59.71					
865	14.21	D	6.80	9.45	5.47	3.91	1.38	0.86	49.25					
866	14.23	-	6.25	9.25	3.60	2.29	1.58	0.67	48.43					
867	14.24	-	6.92	9.72	3.69	2.31	1.60	0.80	49.74					
868	14.26	-	7.04	9.69	3.62	2.44	1.48	0.45	36.24					
869	14.28	-	7.56	9.96	3.64	2.63	1.39	0.17	9.94					
870	14.29	-	6.64	9.32	3.39	2.47	1.37	0.11	1.76					
871	14.31	-	6.82	9.42	3.39	2.53	1.34	0.09	28.18					
872	14.32	-	7.64	10.00	3.66	2.66	1.37	0.14	98.20					
873	14.34	S	7.57	9.95	3.65	2.64	1.44	0.30	94.05					
874	14.36	-	8.07	10.42	3.84	2.58	1.49	0.39	76.32					
875	14.37	-	7.32	9.91	3.56	2.55	1.40	0.41	76.09					
876	14.39	-	7.40	9.94	3.69	2.51	1.47	0.55	67.76					
877	14.41	-	6.43	9.21	3.41	2.41	1.41	0.64	57.96					
878	14.42	D	6.55	9.37	5.59	3.67	1.45	0.65	45.65					
879	14.44	-	5.88	8.89	3.35	2.28	1.47	0.61	41.80					
880	14.46	-	6.51	9.35	3.53	2.30	1.54	0.60	42.62					
881	14.47	-	8.49	11.24	4.47	2.26	1.97	0.61	46.46					
882	14.49	-	6.87	9.53	3.54	2.45	1.45	0.21	327.97					
883	14.51	-	6.95	9.55	3.48	2.50	1.39	0.17	317.00					
884	14.52	-	6.85	9.49	3.47	2.47	1.40	0.08	319.94					
885	14.54	-	7.20	9.67	3.46	2.60	1.33	0.01	246.88					
886	14.55	S	7.91	10.39	4.03	2.54	1.48	0.17	97.76					
887	14.57	-	8.11	10.79	4.08	2.39	1.71	0.29	67.99					
888	14.59	-	7.61	10.15	3.76	2.48	1.51	0.37	66.81					
889	14.60	-	6.91	9.70	3.64	2.32	1.57	0.45	59.08					
890	14.62	-	6.36	9.16	3.37	2.37	1.42	0.60	54.62					
891	14.64	D	6.64	9.48	3.57	2.31	1.46	0.64	47.57					
892	14.65	-	5.72	8.70	3.22	2.25	1.43	0.69	38.76					
893	14.67	-	5.80	8.75	3.23	2.25	1.43	0.62	41.72					
894	14.69	-	6.78	9.59	3.68	2.32	1.59	0.40	26.32					
895	14.70	-	7.14	9.70	3.57	2.52	1.42	0.22	345.64					
896	14.72	-	6.87	9.55	3.53	2.42	1.46	0.22	294.47					
897	14.74	-	6.70	9.44	3.50	2.39	1.46	0.17	289.20					
898	14.75	-	7.26	9.80	3.64	2.55	1.43	0.05	326.02					
899	14.77	S	7.67	10.36	4.06	2.43	1.58	0.14	82.64					
900	14.79	-	7.35	10.07	3.73	2.36	1.58	0.21	65.91					
901	14.80	-	7.28	9.97	3.71	2.37	1.57	0.27	61.30					
902	14.82	-	6.54	9.39	3.49	2.30	1.51	0.37	56.33					
903	14.83	-	5.84	8.89	3.35	2.17	1.54	0.46	49.40					
904	14.85	-	5.37	8.51	3.19	2.18	1.46	0.49	40.01					
905	14.87	D	6.05	9.20	5.59	3.34	1.53	0.53	33.25					
906	14.88	-	6.96	10.06	4.06	2.14	1.90	0.81	53.19					
907	14.90	-	6.64	9.75	3.86	2.14	1.80	0.65	43.43					
908	14.92	-	6.88	9.68	3.71	2.38	1.56	0.25	348.95					
909	14.93	-	6.75	9.52	3.59	2.38	1.51	0.26	296.33					
910	14.95	-	6.64	9.49	3.59	2.31	1.55	0.30	287.89					
911	14.97	-	6.73	9.50	3.52	2.35	1.49	0.20	291.60					
912	14.98	S	7.26	10.21	4.07	2.34	1.50	0.08	324.52					
913	15.00	-	7.57	10.23	3.96	2.37	1.67	0.28	58.04					
914	15.02	-	7.06	9.81	3.72	2.32	1.60	0.30	53.47					
915	15.03	-	7.23	9.90	3.74	2.37	1.58	0.30	54.61					
916	15.05	-	5.74	8.69	3.18	2.29	1.39	0.39	44.93					
917	15.06	-	5.69	8.69	3.25	2.23	1.46	0.35	25.38					
918	15.08	D	5.66	9.16	5.54	3.32	1.57	0.48	37.67					
919	15.10	-	6.40	9.48	3.76	2.19	1.72	0.62	48.00					
920	15.11	-	7.15	10.43	4.35	2.12	2.05	0.70	43.51					
921	15.13	-	7.93	10.83	4.36	2.29	1.91	0.47	34.41					
922	15.15	-	7.70	10.52	4.19	2.34	1.79	0.24	334.60					
923	15.16	-	7.03	9.85	3.76	2.29	1.64	0.35	289.93					
924	15.18	S	7.31	10.14	3.98	2.34	1.60	0.31	277.35					
925	15.20	-	6.98	9.81	3.73	2.31	1.62	0.15	284.32					
926	15.21	-	6.67	9.48	3.56	2.37	1.50	0.13	77.95					
927	15.23	-	8.02	10.70	4.27	2.36	1.81	0.41	58.78					
928	15.25	-	7.93	10.64	4.18	2.31	1.81	0.42	59.20					
929	15.26	-	6.73	9.83	3.82	2.15	1.78	0.58	56.80					
930	15.28	-	6.90	9.94	3.92	2.18	1.80	0.62	53.69					
931	15.29	D	6.40	9.78	6.31	3.42	1.57	0.51	35.24					
932	15.31	-	6.18	9.52	3.88	2.03	1.90	0.42	20.75					
933	15.33	-	7.14	10.67	4.55	2.06	2.21	0.47	15.29					
934	15.34	-	7.69	11.12	4.75	2.04	2.32	0.39	15.92					
935	15.36	-	8.21	11.29	4.73	2.23	2.12	0.32	356.75					
936	15.38	-	6.87	9.82	3.84	2.24	1.71	0.45	286.25					
937	15.39	S	6.99	10.11	4.06	2.30	1.71	0.38	289.42					
938	15.41	-	6.52	9.48	3.61	2.21	1.63	0.40	279.53					
939	15.43	-	6.69	9.68	3.73	2.23	1.67	0.22	287.18					
940	15.44	-	7.40	10.39	4.16	2.24	1.86	0.18	24.70					
941	15.46	-	6.62	9.63	3.72	2.17	1.71	0.20	329.46					
942	15.48	-	7.19	10.55	4.35	2.23	1.95	0.28	18.64					
943	15.49	-	7.38	10.35	4.16	2.22	1.87	0.48	45.50					
944	15.51	D	6.45	9.93	6.48	3.42	1.70	0.47	18.78					
945	15.53	-	6.15	9.83	4.09	1.95	2.10	0.43	339.28					
946	15.54	-	7.82	11.48	4.98	2.00	2.49	0.44	8.33					
947	15.56	-	7.64	11.14	4.81	2.08	2.31	0.37	339.89					
948	15.57	-	8.45	12.15	5.30	2.05	2.58	0.31	6.27					
949	15.59	-	6.68	9.80	3.84	2.14	1.80	0.49	281.88					
950	15.61	S	7.04	10.37	4.35	2.21	1.87	0.40	288.73					
951	15.62	-	6.73	9.77	3.81	2.20	1.73	0.43	275.45					
952	15.64	-	6.82	9.99	3.98	2.17	1.83	0.32	284.49					
953	15.66	-	6.93	10.27	4.29	2.14	2.01	0.19	319.65					
954	15.67	-	7.09	10.72	7.22	3.27	2.21	0.19	356.80					
955	15.69	-	7.15	10.44	4.29	2.13	2.01	0.23	4.98					
956	15.71	-	6.48	9.86	4.01	2.07	1.94	0.33	25.21					
957	15.72	D	6.62	10.20	6.65	3.24	2.03	0.39	353.48					
958	15.74	-	6.68	10.15	4.15	2.03	2.04	0.49	317.74					
959	15.76	-	6.59	10.01	4.13	2.04	2.02	0.37	331.28					
960	15.77	-	7.25	10.69	4.46	2.09	2.13	0.40	314.57					
961	15.79	-	7.74	11.34	4.90	2.04	2.41	0.36	312.03					
962	15.80	-	6.52	9.96	4.06	2.01	2.02	0.55	277.37					
963	15.82	-	6.71	10.18	4.23	2.04	2.07	0.50	280.57					
964	15.84	-	6.50	9.93	4.05	2.00	2.02	0.55	275.68					
965	15.85	S	7.25	10.61	4.38	2.14	1.99	0.41	279.52					
966	15.87	-	6.65	10.03	4.10	2.05	2.00	0.31	288.58					
967	15.89	-	7.30	11.01	4.68	1.99	2.36	0.18	348.05					
968	15.90	-	7.11	10.81	4.54	2.00	2.27	0.21	350.87					
969	15.92	-	6.91	10.53	4.31	2.04	2.12	0.32	27.15					
970	15.94	D	7.01	10.66	7.17	3.09	1.90	0.26	352.91					
971	15.95	-	5.78	9.45	3.87	1.86	2.08	0.39	313.66					
972	15.97	-	6.16	9.89	4.10	1.87	2.19	0.37	315.64					
973	15.99	-	6.53	10.19	4.16	1.91	2.17	0.51	296.19					
974	16.00	-	6.65	10.15	4.17	2.01	2.07	0.59	279.65					
975	16.02	-	6.92	10.27	4.11	2.03	2.02	0.50	285.96					
976	16.04	-	6.75	10.11	4.12	2.05	2.01	0.64	274.32					
977	16.05	-	6.70	10.12	4.15	2.00	2.07	0.62	270.45					
978	16.07	S	6.69	10.16	4.21	2.05	2.02	0.53	271.91					
979	16.08	-	6.53	10.03	4.09	1.99	2.05	0.39	280.67					
980	16.10	-	7.46	11.00	4.66	2.09	2.22	0.16	350.68					
981	16.12	-	6.75	10.26	4.23	2.05	2.06	0.26	315.60					
982	16.13	-	6.66	10.04	4.12	2.07	1.99	0.22	350.99					
983	16.15	D	6.35	9.99	6.59	3.08	1.91	0.25	329.41					
984	16.17	-	6.38	9.93	4.11	1.90	2.17	0.44	293.03					
985	16.18	-	6.81	10.76	4.52	1.83	2.46	0.38	300.13					
986	16.20	-	6.76	10.63	4.56	1.82	2.51	0.50	293.44					
987	16.22	-	6.59	10.13	4.10	1.95	2.10	0.65	278.29					
988	16.23	-	6.84	10.33	4.23	1.92	2.20	0.67	271.78					
989	16.25	-	6.91	10.40	4.24	1.97	2.15	0.60	273.04					
990	16.27	-	6.82	10.23	4.18	1.96	2.13	0.58	271.44					
991	16.28	S	7.08	10.58	4.40	1.97	2.09	0.50	273.68					
992	16.30	-	6.63	10.03	4.04	2.03	1.99	0.41	279.72					
993	16.31	-	6.82	10.21	4.13	2.05	2.01	0.33	288.59					
994	16.33	-	6.84	10.21	4.21	2.07	2.04	0.29	298.63					
995	16.35	-	6.41	10.05	4.18	1.97	2.13	0.23	326.82					
996	16.36	D	6.50	10.34	6.94	3.06	2.12	0.23	333.83					
997	16.38	-	6.35	10.03	4.18	1.89	2.21	0.36	301.21					
998	16.40	-	6.64	10.71	4.56	1.79	2.55	0.47	287.37					
999	16.41	-	7.44	11.38	4.89	1.84	2.65	0.50	285.70					
1000	16.43	-	7.08	10.66	4.40	1.90	2.31	0.57	276.41					
1001	16.45	-	7.13	10.57	4.30	1.94	2.21	0.61	272.55					
1002	16.46	-	6.85	10.26	4.14	1.93	2.14	0.76	267.83					
1003	16.48	-	6.96	10.39	4.23	1.98	2.14	0.69	269.38					
1004	16.50	S	6.95	10.55	6.95	3.02	2.14	0.66	269.36					
1005	16.51	-	6.46	9.90	4.04	1.98	2.04	0.52	272.20					
1006	16.53	-	6.69	10.23	4.20	1.96	2.15	0.37	288.78					
1007	16.55	-	6.92	10.39	4.31	2.01	2.14	0.30	295.40					
1008	16.56	-	6.60	10.12	4.15	1.97	2.10	0.27	309.36					
1009	16.58	D	6.85	10.48	6.95	3.11	2.08	0.25	332.89					
1010	16.59	-	6.70	10.28	4.25	1.94	2.18	0.40	303.30					
1011	16.61	-	7.12	10.95	4.66	1.87	2.50	0.49	285.36					
1012	16.63	-	6.76	10.46	4.35	1.82	2.39	0.47	291.87					
1013	16.64	-	7.26	10.78	4.46	1.91	2.34	0.57	276.35					
1014	16.66	-	7.24	10.62	4.34	1.97	2.20	0.70	269.16					
1015	16.68	-	7.07	10.53	4.27	1.88	2.27	0.73	267.01					
1016	16.69	-	6.69	10.28	4.23	1.91	2.22	0.71	264.56					
1017	16.71	S	6.89	10.54	6.96	3.02	2.19	0.67	269.06					
1018	16.73	-	6.77	10.32	4.17	1.88	2.22	0.57	270.25					
1019	16.74	-	6.75	10.49	4.35	1.79	2.43	0.43	283.94					
1020	16.76	-	6.66	10.16	4.11	1.96	2.10	0.29	300.50					
1021	16.78	-	7.10	10.51	4.28	2.03	2.11	0.24	323.57					
1022	16.79	D	7.40	11.08	7.42	3.04	2.14	0.28	326.73					
1023	16.81	-	6.58	10.35	4.29	1.90	2.25	0.32	325.21					
1024	16.82	-	7.76	11.77	5.08	1.81	2.81	0.50	292.82					
1025	16.84	-	7.33	11.06	4.65	1.81	2.57	0.67	281.37					
1026	16.86	-	7.23	10.80	4.47	1.88	2.37	0.69	275.34					
1027	16.87	-	7.57	11.06	4.56	1.97	2.32	0.79	268.00					
1028	16.89	-	7.03	10.40	4.19	1.95	2.14	0.70	268.20					
1029	16.91	-	7.43	10.79	4.42	1.96	2.26	0.79	264.24					
1030	16.92	-	7.05	10.40	4.19	1.95	2.14	0.65	266.13					
1031	16.94	S	6.91	10.28	6.70	3.20	2.20	0.61	269.12					
1032	16.96	-	6.66	10.22	4.17	1.85	2.26	0.54	275.06					
1033	16.97	-	6.45	10.09	4.09	1.88	2.18	0.43	284.38					
1034	16.99	-	6.79	10.40	4.23	1.91	2.22	0.40	295.79					
1035	17.01	-	6.74	10.51	4.35	1.86	2.34	0.35	303.67					
1036	17.02	D	6.92	10.49	6.91	2.98	2.30	0.48	293.91					
1037	17.04	-	6.59	10.50	4.41	1.81	2.43	0.50	291.59					
1038	17.05	-	6.42	10.86	4.55	1.61	2.83	0.68	284.63					
1039	17.07	-	8.21	11.76	4.95	1.98	2.50	0.84	273.19					
1040	17.09	-	7.97	11.38	4.69	2.05	2.29	1.02	268.76					
1041	17.10	-	8.03	11.41	4.71	2.03	2.32	1.06	266.89					
1042	17.12	-	7.35	10.95	4.61	1.93	2.38	0.96	267.12					
1043	17.14	-	7.34	10.79	4.41	1.97	2.24	0.97	266.08					
1044	17.15	S	7.25	11.27	7.61	2.91	2.29	0.77	268.12					
1045	17.17	-	7.39	10.89	4.45	1.89	2.35	0.70	271.22					
1046	17.19	-	7.05	10.76	4.44	1.85	2.41	0.60	274.33					
1047	17.20	-	7.23	11.07	4.73	1.89	2.50	0.55	281.07					
1048	17.22	-	7.02	10.96	4.57	1.84	2.48	0.46	289.39					
1049	17.24	D	6.82	10.77	7.21	2.88	2.31	0.45	295.66					
1050	17.25	-	6.49	10.45	4.29	1.77	2.42	0.69	277.37					
1051	17.27	-	6.93	10.74	4.47	1.87	2.39	0.76	274.97					
1052	17.29	-	7.15	10.80	4.51	1.83	2.47	0.83	273.49					
1053	17.30	-	7.47	11.18	4.82	1.96	2.46	0.86	271.66					
1054	17.32	-	7.77	11.16	4.61	1.95	2.36	0.84	267.09					
1055	17.33	-	7.39	10.87	4.48	1.95	2.30	0.98	265.28					
1056	17.35	-	7.40	10.77	4.38	1.98	2.22	0.94	263.87					
1057	17.37	S	7.02	11.30	7.78	2.83	2.36	0.94	264.91					
1058	17.38	-	7.11	10.73	4.43	1.86	2.38	0.87	267.15					
1059	17.40	-	6.89	10.84	4.50	1.75	2.57	0.65	273.62					
1060	17.42	-	7.17	11.03	4.64	1.84	2.53	0.65	274.99					
1061	17.43	-	6.86	10.78	4.53	1.84	2.46	0.64	277.89					
1062	17.45	D	6.79	10.67	7.04	2.82	2.53	0.68	276.73					
1063	17.47	-	7.21	10.99	4.62	1.85	2.49	0.91	274.32					
1064	17.48	-	7.16	11.09	4.60	1.84	2.50	0.88	272.64					
1065	17.50	-	7.33	10.98	4.64	1.87	2.48	0.93	271.60					
1066	17.52	-	7.50	11.44	4.93	1.78	2.78	0.97	270.58					
1067	17.53	-	8.00	11.48	4.79	1.95	2.46	0.96	269.71					
1068	17.55	-	8.06	11.62	4.81	1.92	2.50	1.04	269.37					
1069	17.56	S	7.81	11.81	8.12	2.85	2.47	1.02	267.24					
1070	17.58	-	7.89	11.51	4.79	1.94	2.47	0.99	267.18					
1071	17.60	-	7.64	11.20	4.62	1.90	2.43	0.87	268.08					
1072	17.61	-	7.59	11.59	4.97	1.81	2.75	0.84	268.62					
1073	17.63	-	7.61	11.34	4.80	1.87	2.57	0.73	272.90					
1074	17.65	-	6.85	10.72	4.46	1.80	2.48	0.69	272.83					
1075	17.66	D	6.79	10.68	7.21	2.90	2.51	0.59	282.96					
1076	17.68	-	7.04	10.90	4.60	1.87	2.45	0.93	273.90					
1077	17.70	-	7.58	11.48	4.82	1.88	2.56	0.88	272.47					
1078	17.71	-	8.27	12.00	5.07	1.93	2.62	0.94	273.86					
1079	17.73	-	8.38	11.84	4.98	2.08	2.39	0.98	269.39					
1080	17.75	-	7.97	11.46	4.75	2.00	2.38	1.17	267.26					
1081	17.76	-	7.64	11.19	4.64	1.94	2.39	1.18	265.67					
1082	17.78	S	7.58	11.35	7.64	2.97	2.36	1.17	266.30					
1083	17.80	-	7.49	11.11	4.62	1.88	2.46	1.09	264.95					
1084	17.81	-	7.89	11.46	4.72	1.88	2.51	1.04	265.45					
1085	17.83	-	7.57	11.37	4.84	1.84	2.64	0.79	269.51					
1086	17.84	-	7.50	11.45	4.97	1.82	2.73	0.78	269.79					
1087	17.86	D	7.26	11.31	7.84	2.90	2.69	0.65	276.46					
1088	17.88	-	7.39	11.39	4.94	1.86	2.65	0.50	286.15					
1089	17.89	-	7.88	11.71	4.97	1.87	2.66	0.67	280.89					
1090	17.91	-	7.83	12.29	5.47	1.79	3.06	0.77	276.39					
1091	17.93	-	8.01	11.95	5.19	1.88	2.77	0.87	272.72					
1092	17.94	-	8.07	12.04	5.26	1.87	2.82	0.84	272.96					
1093	17.96	-	7.77	11.38	4.80	1.90	2.52	0.95	269.26					
1094	17.98	-	7.58	11.37	4.72	1.84	2.57	1.13	267.26					
1095	17.99	S	7.70	11.56	7.79	2.95	2.36	1.14	266.37					
1096	18.01	-	7.49	11.24	4.65	1.83	2.53	1.15	265.98					
1097	18.03	-	7.81	11.34	4.70	1.91	2.47	1.09	264.95					
1098	18.04	-	7.55	11.22	4.67	1.84	2.54	0.94	265.92					
1099	18.06	-	7.60	11.29	4.75	1.87	2.53	0.93	267.37					
1100	18.07	-	7.64	11.54	5.03	1.86	2.71	0.79	268.97					
1101	18.09	-	7.05	10.63	4.39	1.86	2.36	0.69	274.06					
1102	18.11	D	7.74	11.28	7.49	3.02	2.48	0.67	273.35					
1103	18.12	-	7.70	11.48	4.84	1.91	2.53	0.93	269.35					
1104	18.14	-	8.09	11.95	5.19	1.88	2.76	0.90	271.21					
1105	18.16	-	7.79	11.49	4.99	1.96	2.55	0.95	267.52					
1106	18.17	-	7.61	11.17	4.71	1.90	2.48	0.99	266.21					
1107	18.19	-	7.86	11.59	4.94	1.85	2.66	1.12	264.78					
1108	18.21	S	8.25	11.83	7.97	3.12	2.43	1.11	263.79					
1109	18.22	-	7.77	11.35	4.78	1.93	2.48	1.18	263.96					
1110	18.24	-	7.66	11.16	4.59	1.91	2.41	1.10	263.35					
1111	18.26	-	7.21	10.87	4.53	1.87	2.43	0.98	265.01					
1112	18.27	-	7.49	11.38	4.80	1.81	2.66	0.90	265.07					
1113	18.29	-	6.89	10.85	4.59	1.77	2.59	0.66	271.12					
1114	18.31	-	7.02	10.79	4.52	1.88	2.41	0.60	274.84					
1115	18.32	D	7.47	11.37	7.63	2.92	2.43	0.62	275.43					
1116	18.34	-	7.35	11.06	4.62	1.87	2.48	0.83	272.02					
1117	18.35	-	7.64	11.40	4.93	1.92	2.57	0.87	269.41					
1118	18.37	-	8.07	11.81	5.08	1.92	2.64	0.87	269.93					
1119	18.39	-	7.68	11.27	4.79	1.93	2.48	1.00	265.57					
1120	18.40	-	7.69	11.20	4.69	1.94	2.41	1.13	264.03					
1121	18.42	S	8.55	12.23	8.36	3.05	2.56	1.14	263.92					
1122	18.44	-	7.70	11.08	4.57	1.96	2.34	1.15	262.27					
1123	18.45	-	7.56	11.08	4.57	1.89	2.41	1.08	264.32					
1124	18.47	-	8.11	11.60	4.89	1.95	2.51	1.06	265.11					
1125	18.49	-	7.20	10.75	4.50	1.91	2.36	0.81	266.07					
1126	18.50	-	7.65	11.26	4.71	1.93	2.44	0.83	267.69					
1127	18.52	-	7.75	11.33	4.83	1.97	2.45	0.76	268.17					
1128	18.54	D	6.91	10.72	4.64	1.90	2.52	0.72	272.08					
1129	18.55	-	7.47	11.15	4.69	1.92	2.44	0.75	269.86					
1130	18.57	-	7.21	11.15	4.76	1.80	2.65	0.96	265.61					
1131	18.58	-	7.36	11.03	4.60	1.86	2.48	0.97	266.46					
1132	18.60	-	7.15	10.71	4.45	1.90	2.34	1.04	264.86					
1133	18.62	-	7.67	11.24	4.71	1.95	2.41	1.06	266.24					
1134	18.63	S	8.12	12.12	8.30	2.91	2.30	1.16	263.54					
1135	18.65	-	7.22	11.00	4.67	1.84	2.54	1.16	263.90					
1136	18.67	-	7.70	11.19	4.61	1.95	2.37	1.16	262.78					
1137	18.68	-	7.44	11.11	4.64	1.87	2.48	1.08	264.16					
1138	18.70	-	6.94	10.64	4.41	1.85	2.39	0.85	266.63					
1139	18.72	-	7.69	11.51	4.97	1.87	2.66	0.91	268.48					
1140	18.73	D	7.86	12.01	8.41	3.00	2.74	0.76	273.79					
1141	18.75	-	7.66	11.51	4.98	1.83	2.72	0.90	270.20					
1142	18.77	-	7.72	11.47	4.81	1.83	2.63	0.84	269.57					
1143	18.78	-	7.42	11.49	4.97	1.75	2.85	0.88	270.40					
1144	18.80	-	7.46	11.23	4.72	1.85	2.56	0.80	272.03					
1145	18.82	-	7.31	11.35	4.82	1.75	2.75	0.95	267.48					
1146	18.83	-	7.49	11.03	4.60	1.92	2.40	1.01	264.17					
1147	18.85	S	8.25	12.12	8.41	3.11	2.28	1.19	264.23					
1148	18.86	-	7.59	10.87	4.44	2.06	2.15	1.10	261.88					
1149	18.88	-	7.16	10.63	4.44	1.98	2.24	1.12	262.01					
1150	18.90	-	7.33	10.74	4.43	1.98	2.24	1.01	262.84					
1151	18.91	-	7.65	11.23	4.71	1.98	2.38	1.12	261.45					
1152	18.93	-	7.52	10.93	4.51	2.02	2.23	1.05	262.46					
1153	18.95	D	7.07	11.42	5.05	1.78	2.64	0.78	272.45					
1154	18.96	-	8.00	12.01	5.18	1.86	2.78	0.98	268.86					
1155	18.98	-	7.36	10.85	4.46	1.95	2.28	0.99	268.98					
1156	19.00	-	6.94	10.63	4.40	1.86	2.37	1.10	265.81					
1157	19.01	-	7.19	11.03	4.69	1.80	2.61	0.91	269.62					
1158	19.03	-	7.02	10.73	4.47	1.88	2.38	0.96	269.01					
1159	19.05	-	7.29	10.91	4.50	1.88	2.40	1.11	266.79					
1160	19.06	-	6.95	10.54	4.30	1.85	2.32	1.15	265.84					
1161	19.08	S	8.22	11.75	7.75	3.05	2.34	1.29	264.81					
1162	19.09	-	7.59	10.90	4.46	1.99	2.24	1.26	263.96					
1163	19.11	-	7.56	10.77	4.38	2.02	2.17	1.22	263.29					
1164	19.13	-	7.63	10.95	4.49	1.98	2.26	0.99	265.12					
1165	19.14	-	7.67	11.21	4.79	1.97	2.43	0.84	267.27					
1166	19.16	D	8.54	12.22	8.47	3.27	2.45	0.90	265.04					
1167	19.18	-	7.34	10.89	4.49	1.91	2.35	0.86	265.41					
1168	19.19	-	7.04	10.50	4.32	1.97	2.19	0.99	267.13					
1169	19.21	-	6.81	10.65	4.43	1.75	2.54	1.05	262.91					
1170	19.23	-	6.67	10.27	4.19	1.84	2.27	0.99	265.77					
1171	19.24	-	6.88	10.49	4.35	1.87	2.33	1.00	263.27					
1172	19.26	-	6.96	10.54	4.34	1.89	2.29	1.06	262.90					
1173	19.28	-	6.94	10.44	4.31	1.92	2.24	1.19	262.15					
1174	19.29	S	7.82	11.61	7.97	3.12	2.20	1.25	262.07					
1175	19.31	-	7.07	10.41	4.31	2.00	2.15	1.23	261.63					
1176	19.32	-	7.50	10.82	4.44	1.99	2.23	1.19	261.69					
1177	19.34	-	7.04	10.48	4.30	1.97	2.18	1.06	259.70					
1178	19.36	-	7.07	10.49	4.33	1.95	2.22	0.96	260.56					
1179	19.37	D	8.87	12.42	8.51	3.19	2.12	0.98	260.65					
1180	19.39	-	6.87	10.19	4.09	1.99	2.05	0.97	258.88					
1181	19.41	-	7.20	10.47	4.21	1.97	2.14	0.95	263.63					
1182	19.42	-	6.91	10.15	4.10	2.02	2.03	1.03	259.47					
1183	19.44	-	6.41	10.20	4.16	1.70	2.44	1.09	264.58					
1184	19.46	-	6.50	10.15	4.15	1.80	2.31	1.13	263.22					
1185	19.47	-	6.86	10.31	4.18	1.93	2.17	1.21	261.91					
1186	19.49	-	6.92	10.34	4.21	1.92	2.19	1.22	262.42					
1187	19.51	-	7.01	10.36	4.24	1.95	2.17	1.28	262.59					
1188	19.52	S	7.98	11.79	7.82	2.89	2.22	1.25	260.69					
1189	19.54	-	7.12	10.30	4.13	2.05	2.01	1.25	259.25					
1190	19.56	-	6.80	10.12	4.13	1.98	2.08	1.09	258.35					
1191	19.57	-	6.75	10.09	4.08	1.98	2.06	1.02	258.04					
1192	19.59	D	7.25	10.86	4.65	2.02	2.10	0.97	259.61					
1193	19.60	-	7.23	10.59	4.38	1.99	2.20	1.02	259.84					
1194	19.62	-	7.40	10.63	4.34	2.03	2.13	1.02	261.63					
1195	19.64	-	6.31	9.72	3.86	1.90	2.04	1.11	261.26					
1196	19.65	-	6.66	10.52	4.36	1.71	2.55	1.15	262.36					
1197	19.67	-	6.79	10.45	4.28	1.79	2.39	1.27	261.49					
1198	19.69	-	6.80	10.46	4.34	1.81	2.40	1.31	261.86					
1199	19.70	-	7.02	10.60	4.36	1.86	2.35	1.29	262.44					
1200	19.72	S	7.27	11.10	7.39	2.85	2.16	1.30	262.13					
1201	19.74	-	6.80	10.21	4.13	1.90	2.18	1.29	260.57					
1202	19.75	-	6.94	10.19	4.06	1.98	2.05	1.21	260.17					
1203	19.77	-	6.79	10.32	4.25	1.87	2.27	1.15	258.57					
1204	19.79	-	6.73	10.07	4.05	1.99	2.04	1.04	258.32					
1205	19.80	D	7.58	11.19	7.46	3.03	1.98	0.98	258.96					
1206	19.82	-	7.05	10.38	4.20	1.95	2.15	1.03	258.59					
1207	19.83	-	6.84	10.14	4.06	1.97	2.06	0.95	259.44					
1208	19.85	-	6.36	9.89	4.02	1.85	2.18	1.14	258.40					
1209	19.87	-	6.22	10.03	4.14	1.72	2.40	1.12	259.79					
1210	19.88	-	6.42	10.11	4.15	1.78	2.32	1.22	260.29					
1211	19.90	-	6.84	10.59	4.39	1.78	2.47	1.20	261.97					
1212	19.92	-	6.77	10.24	4.17	1.89	2.21	1.22	262.06					
1213	19.93	S	7.55	11.50	7.80	2.97	2.14	1.25	261.50					
1214	19.95	-	6.46	9.85	3.97	1.88	2.11	1.21	261.04					
1215	19.97	-	6.75	10.08	4.05	1.93	2.10	1.22	259.27					
1216	19.98	-	6.68	10.13	4.14	1.90	2.18	1.20	259.74					
1217	20.00	D	7.69	11.28	7.52	3.12	2.13	1.11	259.56					
1218	20.02	-	6.76	10.32	4.23	1.85	2.29	1.10	259.63					
1219	20.03	-	6.56	9.92	3.96	1.92	2.07	1.01	258.28					
1220	20.05	-	7.07	10.76	4.56	1.85	2.46	1.21	255.29					
1221	20.07	-	6.12	9.64	3.89	1.82	2.14	1.00	260.12					
1222	20.08	-	6.11	9.86	4.03	1.75	2.30	1.04	259.26					
1223	20.10	-	6.04	9.78	3.99	1.73	2.31	1.04	262.02					
1224	20.11	-	6.77	10.68	4.42	1.72	2.58	1.23	261.36					
1225	20.13	-	7.02	10.70	4.47	1.86	2.41	1.23	261.56					
1226	20.15	S	7.69	11.56	7.82	2.89	2.30	1.21	262.46					
1227	20.16	-	6.98	10.34	4.18	1.93	2.16	1.17	261.47					
1228	20.18	-	7.51	10.75	4.36	2.02	2.15	1.22	259.45					
1229	20.20	-	7.23	10.67	4.33	1.90	2.28	1.17	260.06					
1230	20.21	-	7.04	10.35	4.20	1.97	2.14	1.08	259.27					
1231	20.23	-	7.50	11.12	4.79	1.92	2.49	1.06	261.06					
1232	20.25	D	7.93	11.40	7.65	3.13	2.14	1.05	259.59					
1233	20.26	-	6.74	10.11	4.06	1.94	2.10	1.04	259.33					
1234	20.28	-	6.54	9.95	3.98	1.89	2.11	1.16	259.56					
1235	20.30	-	6.41	10.03	4.15	1.84	2.26	1.10	257.89					
1236	20.31	-	6.35	10.15	4.16	1.71	2.42	1.17	261.57					
1237	20.33	-	6.70	10.46	4.30	1.79	2.39	1.20	259.84					
1238	20.34	-	6.75	10.62	4.45	1.76	2.53	1.22	261.91					
1239	20.36	S	7.47	11.77	8.23	2.87	2.43	1.23	262.77					
1240	20.38	-	6.75	10.49	4.34	1.80	2.41	1.21	263.06					
1241	20.39	-	6.87	10.34	4.24	1.92	2.21	1.19	260.26					
1242	20.41	-	6.86	10.32	4.19	1.90	2.20	1.18	259.69					
1243	20.43	-	6.98	10.42	4.26	1.92	2.22	1.13	259.40					
1244	20.44	-	6.58	10.03	4.09	1.92	2.12	1.02	257.98					
1245	20.46	D	7.75	11.44	7.77	3.08	2.05	1.13	258.32					
1246	20.48	-	6.28	9.76	3.98	1.89	2.11	1.12	256.63					
1247	20.49	-	6.54	9.82	3.91	1.98	1.97	1.15	261.16					
1248	20.51	-	6.29	10.03	4.11	1.76	2.33	1.10	258.22					
1249	20.53	-	6.57	10.42	4.38	1.76	2.50	1.08	261.84					
1250	20.54	-	6.25	10.21	4.26	1.67	2.55	1.17	260.67					
1251	20.56	-	6.44	10.27	4.24	1.78	2.38	1.16	260.37					
1252	20.58	S	7.23	11.51	7.84	2.63	2.40	1.15	260.64					
1253	20.59	-	6.32	10.02	4.09	1.81	2.26	1.13	259.85					
1254	20.61	-	6.71	10.28	4.29	1.88	2.28	1.17	258.75					
1255	20.62	-	6.65	10.30	4.23	1.80	2.35	1.15	258.48					
1256	20.64	-	6.74	10.29	4.20	1.83	2.29	1.14	258.81					
1257	20.66	-	6.60	10.01	4.03	1.91	2.11	1.07	259.55					
1258	20.67	D	7.48	11.33	7.69	3.04	2.11	1.12	258.13					
1259	20.69	-	6.56	9.85	3.95	1.99	1.98	1.20	257.42					
1260	20.71	-	6.87	10.14	4.06	2.02	2.01	1.18	259.02					
1261	20.72	-	6.76	10.29	4.20	1.90	2.21	1.14	259.56					
1262	20.74	-	6.37	10.23	4.25	1.71	2.48	1.13	262.82					
1263	20.76	-	6.43	10.34	4.31	1.73	2.50	1.14	261.17					
1264	20.77	-	6.56	10.35	4.27	1.80	2.37	1.18	261.74					
1265	20.79	-	6.56	10.29	4.25	1.81	2.34	1.20	261.89					
1266	20.81	S	6.75	11.04	7.52	2.70	2.26	1.19	261.46					
1267	20.82	-	6.44	9.93	4.05	1.90	2.13	1.21	259.68					
1268	20.84	-	6.56	10.00	4.05	1.94	2.09	1.21	258.98					
1269	20.85	-	6.55	10.04	4.14	1.92	2.16	1.13	258.23					
1270	20.87	-	6.55	10.01	4.06	1.90	2.14	1.11	258.54					
1271	20.89	D	7.58	11.13	7.44	3.04	2.05	1.18	257.02					
1272	20.90	-	6.56	9.99	4.06	1.89	2.15	1.18	257.75					
1273	20.92	-	6.71	10.07	4.06	1.94	2.09	1.21	258.76					
1274	20.94	-	6.64	10.14	4.08	1.88	2.17	1.10	256.40					
1275	20.95	-	6.59	10.37	4.29	1.74	2.47	1.22	259.41					
1276	20.97	-	6.41	10.53	4.40	1.61	2.73	1.22	260.37					
1277	20.99	-	6.38	10.19	4.20	1.79	2.35	1.25	261.54					
1278	21.00	-	6.26	10.16	4.24	1.76	2.41	1.24	263.99					
1279	21.02	S	6.87	11.04	7.38	2.63	2.32	1.28	262.83					
1280	21.04	-	6.32	10.00	4.16	1.88	2.22	1.24	262.58					
1281	21.05	-	6.56	10.01	4.08	2.02	2.02	1.26	260.00					
1282	21.07	-	6.14	9.83	4.04	1.83	2.21	1.19	261.48					
1283	21.09	-	6.26	9.75	3.94	1.89	2.08	1.23	258.87					
1284	21.10	D	7.26	10.95	7.26	2.99	2.00	1.22	258.39					
1285	21.12	-	6.80	10.08	4.08	2.00	2.03	1.18	258.11					
1286	21.13	-	6.79	10.09	4.05	2.00	2.03	1.20	258.96					
1287	21.15	-	6.78	10.08	4.12	2.02	2.04	1.23	257.81					
1288	21.17	-	6.36	10.12	4.17	1.77	2.36	1.17	260.60					
1289	21.18	-	6.25	10.31	4.38	1.64	2.67	1.17	262.18					
1290	21.20	-	6.21	10.20	4.22	1.67	2.53	1.23	261.60					
1291	21.22	-	6.42	10.42	4.37	1.71	2.55	1.25	263.04					
1292	21.23	S	7.07	11.26	7.70	2.81	2.44	1.27	263.92					
1293	21.25	-	6.33	10.24	4.24	1.74	2.43	1.23	264.73					
1294	21.27	-	6.72	10.26	4.21	1.95	2.16	1.30	260.77					
1295	21.28	-	6.82	10.39	4.25	1.90	2.23	1.22	260.77					
1296	21.30	-	6.66	10.19	4.14	1.89	2.19	1.19	259.45					
1297	21.32	D	7.70	11.40	7.47	2.95	2.25	1.18	259.44					
1298	21.33	-	6.82	10.32	4.19	1.90	2.21	1.12	259.14					
1299	21.35	-	6.82	10.32	4.19	1.90	2.20	1.17	259.19					
1300	21.36	-	6.60	9.99	4.06	1.98	2.05	1.23	256.56					
1301	21.38	-	6.57	10.23	4.22	1.82	2.31	1.15	257.29					
1302	21.40	-	6.32	10.29	4.31	1.69	2.54	1.16	260.10					
1303	21.41	-	6.24	10.34	4.30	1.64	2.63	1.18	260.80					
1304	21.43	-	6.49	10.35	4.34	1.76	2.46	1.21	263.93					
1305	21.45	-	6.18	10.16	4.24	1.69	2.52	1.20	264.04					
1306	21.46	S	6.34	10.94	7.51	2.46	2.53	1.22	264.82					
1307	21.48	-	6.05	9.90	4.08	1.71	2.39	1.24	263.57					
1308	21.50	-	6.44	10.03	4.12	1.88	2.19	1.16	261.82					
1309	21.51	-	6.13	9.91	4.04	1.75	2.31	1.17	261.45					
1310	21.53	D	7.38	11.01	7.32	3.03	1.97	1.12	259.26					
1311	21.55	-	6.68	10.13	4.10	1.92	2.14	1.14	259.38					
1312	21.56	-	6.58	9.94	4.07	1.98	2.06	1.21	259.56					
1313	21.58	-	6.33	9.73	3.91	1.92	2.03	1.24	256.55					
1314	21.60	-	6.57	10.33	4.31	1.82	2.37	1.22	259.80					
1315	21.61	-	6.09	10.16	4.24	1.62	2.62	1.17	259.67					
1316	21.63	-	5.75	10.05	4.22	1.53	2.77	1.12	261.85					
1317	21.64	-	5.63	10.05	4.36	1.47	2.96	1.16	261.25					
1318	21.66	-	5.85	10.08	4.25	1.58	2.69	1.19	263.29					
1319	21.68	S	6.51	10.88	7.47	2.60	2.65	1.21	262.73					
1320	21.69	-	6.03	10.10	4.37	1.74	2.52	1.24	262.64					
1321	21.71	-	5.81	9.75	4.14	1.68	2.47	1.18	260.97					
1322	21.73	-	6.20	9.97	4.15	1.75	2.37	1.18	260.04					
1323	21.74	D	6.74	10.90	7.39	2.68	2.15	1.12	255.39					
1324	21.76	-	6.22	9.72	3.93	1.85	2.12	1.14	257.31					
1325	21.78	-	6.11	9.69	3.91	1.85	2.12	1.11	255.46					
1326	21.79	-	6.25	9.83	4.05	1.86	2.17	1.21	255.99					
1327	21.81	-	6.12	10.03	4.16	1.71	2.43	1.14	256.98					
1328	21.83	-	5.75	9.70	4.02	1.64	2.45	1.12	256.38					
1329	21.84	-	6.10	10.19	4.21	1.62	2.60	1.24	256.46					
1330	21.86	-	6.02	10.10	4.17	1.65	2.52	1.22	257.76					
1331	21.87	-	6.06	10.07	4.17	1.66	2.51	1.22	260.73					
1332	21.89	S	6.31	10.69	7.26	2.50	2.45	1.22	260.22					
1333	21.91	-	6.24	10.21	4.36	1.74	2.50	1.25	261.04					
1334	21.92	-	6.25	10.15	4.19	1.75	2.40	1.24	259.08					
1335	21.94	-	6.34	10.05	4.11	1.78	2.31	1.15	257.81					
1336	21.96	-	6.25	9.91	4.10	1.83	2.24	1.10	256.25					
1337	21.97	D	6.63	10.60	7.14	2.77	2.04	1.21	255.71					
1338	21.99	-	6.46	9.91	4.00	1.92	2.09	1.21	254.51					
1339	22.01	-	6.22	9.71	3.98	1.89	2.11	1.14	257.36					
1340	22.02	-	6.34	9.95	4.04	1.86	2.17	1.14	255.60					
1341	22.04	-	6.06	10.00	4.15	1.68	2.48	1.14	257.99					
1342	22.06	-	6.06	9.97	4.09	1.70	2.40	1.18	257.41					
1343	22.07	-	5.97	9.77	4.03	1.78	2.26	1.24	257.57					
1344	22.09	S	6.51	10.79	7.14	2.47	2.28	1.19	260.14					
1345	22.11	-	5.72	9.63	4.03	1.69	2.39	1.19	261.22					
1346	22.12	-	5.53	9.22	3.74	1.76	2.12	1.18	260.79					
1347	22.14	-	6.08	9.76	3.99	1.82	2.20	1.20	259.45					
1348	22.15	-	6.14	9.82	4.04	1.81	2.23	1.18	256.91					
1349	22.17	-	6.11	9.85	4.00	1.77	2.26	1.17	257.56					
1350	22.19	D	6.62	10.62	7.10	2.76	2.29	1.14	257.04					
1351	22.20	-	6.42	10.04	4.15	1.83	2.26	1.11	256.78					
1352	22.22	-	6.62	10.03	4.05	1.93	2.10	1.12	257.18					
1353	22.24	-	6.59	10.12	4.16	1.89	2.21	1.14	255.62					
1354	22.25	-	6.71	10.34	4.25	1.85	2.29	1.14	257.11					
1355	22.27	-	6.38	10.06	4.15	1.82	2.28	1.14	256.40					
1356	22.29	-	6.15	10.06	4.16	1.72	2.42	1.19	258.02					
1357	22.30	S	6.60	10.68	4.64	1.81	2.35	1.23	259.86					
1358	22.32	-	6.08	9.84	4.05	1.82	2.22	1.19	260.61					
1359	22.34	-	5.52	9.38	3.84	1.69	2.27	1.22	261.06					
1360	22.35	-	5.63	9.51	3.90	1.72	2.27	1.19	259.74					
1361	22.37	-	5.50	9.51	3.95	1.64	2.41	1.11	258.88					
1362	22.38	D	5.71	10.45	7.25	2.32	2.55	1.08	258.67					
1363	22.40	-	5.70	9.68	4.06	1.65	2.46	1.05	257.30					
1364	22.42	-	6.04	9.76	4.09	1.78	2.30	1.06	256.57					
1365	22.43	-	6.48	9.96	4.03	1.91	2.11	1.13	256.86					
1366	22.45	-	6.49	10.00	4.08	1.89	2.16	1.13	255.96					
1367	22.47	-	6.32	9.98	4.13	1.83	2.26	1.11	255.41					
1368	22.48	-	6.47	10.15	4.23	1.85	2.29	1.05	256.93					
1369	22.50	-	6.13	9.73	3.96	1.83	2.17	1.04	256.81					
1370	22.52	-	6.52	10.35	4.31	1.85	2.34	1.17	259.19					
1371	22.53	S	6.28	10.66	4.74	1.69	2.22	1.17	260.48					
1372	22.55	-	6.02	9.89	4.06	1.75	2.32	1.22	260.72					
1373	22.57	-	5.61	9.60	3.93	1.67	2.35	1.19	258.18					
1374	22.58	-	5.72	9.71	4.02	1.63	2.46	1.06	259.12					
1375	22.60	-	5.75	9.66	4.01	1.68	2.39	1.03	258.62					
1376	22.62	D	5.88	10.48	7.16	2.43	2.44	1.04	259.34					
1377	22.63	-	5.95	9.67	3.94	1.75	2.26	1.10	258.54					
1378	22.65	-	6.36	9.93	4.04	1.86	2.18	1.11	259.21					
1379	22.66	-	6.45	10.01	4.10	1.87	2.20	1.05	255.63					
1380	22.68	-	6.38	10.08	4.13	1.79	2.31	1.19	257.98					
1381	22.70	-	6.16	10.06	4.31	1.80	2.40	1.16	259.23					
1382	22.71	-	6.19	9.98	4.14	1.85	2.23	1.18	258.48					
1383	22.73	-	6.16	9.87	4.13	1.83	2.25	1.15	259.54					
1384	22.75	S	6.24	10.72	7.41	2.58	2.18	1.20	259.62					
1385	22.76	-	5.86	9.61	4.00	1.84	2.17	1.20	261.31					
1386	22.78	-	6.05	9.81	4.08	1.78	2.29	1.18	260.19					
1387	22.80	-	6.19	9.92	4.14	1.84	2.25	1.08	260.77					
1388	22.81	-	6.44	10.25	4.26	1.79	2.38	1.06	261.65					
1389	22.83	D	5.95	10.55	7.22	2.52	2.39	1.08	262.15					
1390	22.85	-	6.23	10.02	4.23	1.74	2.43	1.07	261.46					
1391	22.86	-	6.61	10.21	4.28	1.87	2.29	1.06	261.54					
1392	22.88	-	6.51	9.94	4.06	1.95	2.08	1.13	255.21					
1393	22.89	-	6.79	10.47	4.37	1.88	2.32	1.12	256.99					
1394	22.91	-	6.46	10.23	4.25	1.81	2.35	1.12	257.03					
1395	22.93	-	6.29	10.21	4.29	1.74	2.47	1.05	258.24					
1396	22.94	-	6.16	10.16	4.33	1.72	2.51	1.13	260.13					
1397	22.96	S	6.00	10.60	7.39	2.47	2.34	1.11	259.74					
1398	22.98	-	5.88	9.87	4.25	1.76	2.41	1.13	260.81					
1399	22.99	-	6.16	10.07	4.30	1.75	2.46	1.14	262.46					
1400	23.01	-	5.97	9.91	4.14	1.71	2.42	1.11	260.66					
1401	23.03	-	6.08	9.90	4.12	1.82	2.27	1.06	260.24					
1402	23.04	D	6.07	10.44	7.17	2.58	2.27	1.07	260.65					
1403	23.06	-	6.17	9.84	4.08	1.84	2.22	0.97	259.14					
1404	23.08	-	6.27	9.84	4.03	1.90	2.13	1.01	259.82					
1405	23.09	-	6.09	9.62	3.94	1.90	2.08	1.21	255.89					
1406	23.11	-	6.10	9.76	4.14	1.90	2.18	1.13	256.38					
1407	23.12	-	5.95	9.67	4.04	1.81	2.23	1.12	256.73					
1408	23.14	-	6.22	10.05	4.31	1.85	2.32	1.19	258.22					
1409	23.16	-	6.21	9.93	4.17	1.92	2.17	1.17	256.58					
1410	23.17	-	5.94	9.81	4.13	1.82	2.27	1.17	260.32					
1411	23.19	S	5.97	10.75	7.49	2.44	2.28	1.12	261.72					
1412	23.21	-	5.78	9.54	3.98	1.82	2.19	1.15	261.15					
1413	23.22	-	5.76	9.58	3.99	1.74	2.30	1.05	261.74					
1414	23.24	-	5.68	9.62	3.96	1.68	2.36	1.04	260.08					
1415	23.26	D	5.76	10.36	7.12	2.52	2.35	0.94	260.76					
1416	23.27	-	5.97	9.90	4.14	1.70	2.44	0.89	260.86					
1417	23.29	-	5.96	9.79	4.08	1.76	2.32	0.90	260.18					
1418	23.31	-	5.27	8.80	3.53	1.81	1.95	1.23	258.18					
1419	23.32	-	6.14	9.91	4.17	1.86	2.25	1.17	256.44					
1420	23.34	-	5.59	9.33	3.88	1.83	2.12	1.12	257.29					
1421	23.36	-	5.69	9.52	3.98	1.75	2.28	1.05	258.75					
1422	23.37	-	5.71	9.55	3.97	1.72	2.31	1.04	258.89					
1423	23.39	S	6.10	10.73	7.56	2.56	2.41	1.15	262.87					
1424	23.40	-	5.69	9.53	3.98	1.75	2.27	1.04	263.24					
1425	23.42	-	6.01	9.79	4.10	1.80	2.28	1.12	263.08					
1426	23.44	-	5.90	9.69	4.03	1.76	2.29	1.08	262.24					
1427	23.45	-	6.00	9.78	4.08	1.77	2.31	1.03	260.68					
1428	23.47	D	5.91	10.51	7.23	2.54	2.20	0.98	258.40					
1429	23.49	-	5.93	9.59	3.91	1.82	2.15	1.08	259.53					
1430	23.50	-	5.68	9.40	3.88	1.76	2.21	0.95	260.71					
1431	23.52	-	6.00	9.47	3.85	1.89	2.03	1.20	259.27					
1432	23.54	-	6.27	10.14	4.32	1.82	2.38	1.10	260.02					
1433	23.55	-	6.28	10.08	4.24	1.83	2.32	1.07	259.89					
1434	23.57	-	6.02	10.03	4.30	1.80	2.39	1.09	260.98					
1435	23.59	-	6.10	10.03	4.28	1.80	2.37	1.19	260.41					
1436	23.60	S	5.97	10.85	7.68	2.48	2.37	1.17	263.02					
1437	23.62	-	6.18	10.08	4.28	1.85	2.32	1.22	262.32					
1438	23.63	-	6.33	10.43	4.52	1.78	2.53	1.25	263.91					
1439	23.65	-	5.53	9.55	4.03	1.68	2.40	1.14	264.26					
1440	23.67	-	5.74	9.51	3.95	1.73	2.28	1.09	261.86					
1441	23.68	-	5.66	9.20	3.72	1.83	2.03	1.07	258.74					
1442	23.70	D	6.09	10.64	7.34	2.52	2.19	1.18	261.28					
1443	23.72	-	6.14	9.85	4.09	1.85	2.21	1.11	260.69					
1444	23.73	-	6.60	10.10	4.19	1.96	2.14	1.14	259.38					
1445	23.75	-	6.19	9.90	4.15	1.85	2.24	1.12	258.24					
1446	23.77	-	6.79	10.51	4.40	1.88	2.34	1.13	257.31					
1447	23.78	-	6.17	10.22	4.36	1.77	2.47	1.17	260.44					
1448	23.80	-	6.21	10.21	4.33	1.78	2.44	1.15	261.34					
1449	23.82	-	6.28	10.33	4.39	1.86	2.36	1.17	263.67					
1450	23.83	S	6.12	10.98	7.70	2.51	2.13	1.25	262.47					
1451	23.85	-	6.21	10.28	4.39	1.78	2.47	1.17	264.33					
1452	23.86	-	6.32	10.13	4.28	1.85	2.31	1.21	262.02					
1453	23.88	-	6.34	10.17	4.27	1.81	2.36	1.19	260.53					
1454	23.90	-	6.15	9.98	4.17	1.83	2.28	1.15	259.54					
1455	23.91	D	6.03	10.54	7.24	2.46	2.29	1.17	260.41					
1456	23.93	-	6.10	9.85	4.10	1.81	2.27	1.13	259.85					
1457	23.95	-	6.74	10.45	4.38	1.87	2.35	1.05	260.44					
1458	23.96	-	6.27	10.10	4.31	1.88	2.30	1.12	258.71					
1459	23.98	-	6.62	10.51	4.41	1.79	2.47	1.05	258.82					
1460	24.00	-	6.35	10.37	4.41	1.77	2.49	1.07	259.34					
1461	24.01	-	6.13	10.14	4.26	1.72	2.47	1.07	261.03					
1462	24.03	-	6.22	10.13	4.32	1.81	2.38	1.06	261.47					
1463	24.05	S	6.11	10.88	7.69	2.63	2.53	1.20	262.12					
1464	24.06	-	6.04	9.90	4.08	1.78	2.29	1.16	262.99					
1465	24.08	-	5.73	9.68	4.13	1.71	2.42	1.15	262.10					
1466	24.10	-	5.81	9.80	4.17	1.69	2.46	1.10	262.01					
1467	24.11	-	5.80	9.41	3.86	1.83	2.11	1.12	259.74					
1468	24.13	-	6.19	9.81	4.07	1.89	2.16	1.16	258.69					
1469	24.14	-	6.29	9.89	4.11	1.93	2.13	1.20	257.65					
1470	24.16	D	6.46	10.46	7.10	2.97	2.19	1.07	258.10					
1471	24.18	-	6.82	10.35	4.34	1.94	2.24	1.11	256.14					
1472	24.19	-	7.10	10.86	4.53	1.89	2.39	1.15	258.09					
1473	24.21	-	6.30	10.27	4.31	1.77	2.44	1.08	259.50					
1474	24.23	-	6.47	10.45	4.36	1.86	2.35	1.19	259.17					
1475	24.24	-	6.11	10.13	4.30	1.77	2.44	1.10	261.54					
1476	24.26	S	5.66	10.40	7.30	2.47	2.27	1.06	261.95					
1477	24.28	-	5.94	9.87	4.12	1.80	2.29	1.06	263.19					
1478	24.29	-	6.26	10.26	4.35	1.78	2.44	1.13	262.37					
1479	24.31	-	6.12	10.11	4.27	1.73	2.47	1.07	262.92					
1480	24.33	-	5.96	9.71	4.05	1.85	2.19	0.97	260.00					
1481	24.34	-	6.27	10.05	4.22	1.77	2.39	1.00	259.55					
1482	24.36	D	6.39	10.55	7.16	2.86	2.49	1.13	258.97					
1483	24.37	-	6.58	10.44	4.38	1.84	2.38	1.09	260.16					
1484	24.39	-	6.56	10.74	4.52	1.72	2.62	1.20	258.67					
1485	24.41	-	6.59	10.46	4.41	1.82	2.43	1.15	257.02					
1486	24.42	-	6.27	10.58	4.48	1.63	2.76	1.11	260.57					
1487	24.44	-	6.39	10.60	4.55	1.72	2.64	1.18	260.62					
1488	24.46	-	6.30	10.71	4.62	1.66	2.78	1.16	261.53					
1489	24.47	S	5.67	10.39	7.31	2.51	2.62	1.19	262.69					
1490	24.49	-	6.27	10.63	4.62	1.69	2.73	1.13	264.79					
1491	24.51	-	6.30	9.98	4.16	1.86	2.23	1.07	261.95					
1492	24.52	-	6.41	10.18	4.27	1.83	2.34	1.08	262.46					
1493	24.54	-	5.75	9.39	3.84	1.77	2.18	0.92	261.29					
1494	24.56	D	7.13	11.61	8.13	2.92	2.20	1.02	259.88					
1495	24.57	-	7.13	10.68	4.41	1.99	2.22	1.11	258.26					
1496	24.59	-	7.11	10.64	4.39	2.00	2.19	1.12	257.97					
1497	24.61	-	7.05	10.73	4.53	1.92	2.36	1.12	256.79					
1498	24.62	-	7.05	10.97	4.61	1.86	2.47	1.10	257.18					
1499	24.64	-	6.87	10.79	4.52	1.80	2.50	1.08	258.60					
1500	24.65	-	6.58	10.60	4.43	1.81	2.45	1.10	259.89					
1501	24.67	-	6.68	10.62	4.54	1.82	2.50	1.04	260.91					
1502	24.69	S	5.32	10.22	7.19	2.39	2.67	1.17	263.22					
1503	24.70	-	6.34	10.75	4.66	1.64	2.84	1.11	266.38					
1504	24.72	-	6.38	10.81	4.71	1.61	2.93	1.12	266.86					
1505	24.74	-	6.29	10.83	4.74	1.63	2.91	1.13	265.89					
1506	24.75	-	6.46	10.60	4.54	1.71	2.66	1.08	264.52					
1507	24.77	D	6.93	11.42	7.90	2.83	2.28	0.98	260.96					
1508	24.79	-	6.95	10.77	4.53	1.92	2.37	1.12	260.44					
1509	24.80	-	6.76	10.68	4.47	1.85	2.42	1.03	260.25					
1510	24.82	-	6.68	10.56	4.37	1.85	2.37	1.13	260.66					
1511	24.84	-	6.93	11.04	4.68	1.77	2.65	1.10	259.42					
1512	24.85	-	6.41	10.42	4.41	1.81	2.44	1.05	259.09					
1513	24.87	-	6.30	10.42	4.43	1.72	2.57	1.06	261.60					
1514	24.88	-	6.08	10.01	4.19	1.72	2.44	0.93	261.44					
1515	24.90	-	6.26	10.36	4.41	1.66	2.65	1.02	262.48					
1516	24.92	S	5.00	10.03	7.07	2.25	3.00	1.11	266.12					
1517	24.93	-	5.79	10.17	4.33	1.52	2.84	0.94	267.45					
1518	24.95	-	6.02	10.45	4.47	1.59	2.81	1.06	267.59					
1519	24.97	-	5.86	10.33	4.45	1.52	2.93	0.96	267.78					
1520	24.98	-	5.70	10.19	4.38	1.50	2.92	0.89	267.66					
1521	25.00	D	6.16	10.96	7.70	2.42	2.66	0.98	263.53					
1522	25.02	-	6.77	10.81	4.55	1.69	2.69	1.02	262.02					
1523	25.03	-	6.57	10.30	4.26	1.85	2.30	0.98	261.61					
1524	25.05	-	6.72	10.41	4.38	1.87	2.34	0.91	256.74					
1525	25.07	-	6.15	10.09	4.27	1.72	2.49	0.88	260.15					
1526	25.08	-	5.78	9.98	4.33	1.65	2.62	0.77	262.45					
1527	25.10	-	5.50	9.67	4.12	1.60	2.58	0.66	264.89					
1528	25.11	-	5.83	9.77	4.11	1.71	2.40	0.69	264.24					
1529	25.13	S	3.88	9.49	6.90	1.80	2.53	0.77	264.53					
1530	25.15	-	6.16	10.41	4.44	1.65	2.70	0.89	266.44					
1531	25.16	-	5.94	10.03	4.27	1.67	2.56	0.72	266.75					
1532	25.18	-	6.27	10.30	4.37	1.71	2.56	0.79	265.53					
1533	25.20	-	6.26	10.16	4.21	1.64	2.57	0.73	263.34					
1534	25.21	D	6.79	11.99	8.59	2.33	2.52	0.69	263.42					
1535	25.23	-	6.80	11.08	4.74	1.72	2.76	0.93	265.51					
1536	25.25	-	6.60	10.72	4.53	1.74	2.61	0.89	262.73					
1537	25.26	-	7.11	11.54	4.89	1.62	3.03	0.99	260.91					
1538	25.28	-	7.08	11.50	4.99	1.67	2.99	0.83	260.81					
1539	25.30	-	6.63	10.78	4.58	1.62	2.83	0.85	262.57					
1540	25.31	-	6.59	10.85	4.67	1.60	2.92	0.90	262.93					
1541	25.33	-	6.34	10.32	4.34	1.68	2.57	0.75	264.45					
1542	25.35	S	4.32	10.40	7.69	1.84	2.81	0.87	265.07					
1543	25.36	-	7.03	10.79	4.39	1.74	2.52	0.79	265.08					
1544	25.38	-	6.28	10.24	4.26	1.66	2.58	0.72	265.86					
1545	25.39	-	5.81	9.74	4.05	1.69	2.40	0.57	267.93					
1546	25.41	-	6.10	9.97	4.05	1.64	2.47	0.57	262.84					
1547	25.43	D	5.28	10.85	7.70	1.99	2.44	0.51	267.74					
1548	25.44	-	6.51	10.64	4.56	1.73	2.63	0.62	269.28					
1549	25.46	-	6.61	10.66	4.58	1.75	2.62	0.53	268.73					
1550	25.48	-	7.25	11.69	5.23	1.77	2.96	0.56	263.37					
1551	25.49	-	6.87	10.98	4.75	1.76	2.70	0.49	257.86					
1552	25.51	-	6.43	10.61	4.56	1.68	2.72	0.57	261.74					
1553	25.53	-	6.04	9.97	4.23	1.77	2.40	0.37	262.93					
1554	25.54	-	6.00	9.98	4.18	1.72	2.43	0.40	269.43					
1555	25.56	S	4.60	10.24	7.47	2.06	2.33	0.37	272.37					
1556	25.58	-	6.27	10.48	4.43	1.67	2.66	0.55	272.36					
1557	25.59	-	5.85	9.99	4.22	1.66	2.54	0.49	272.57					
1558	25.61	-	6.06	10.45	4.43	1.57	2.83	0.54	268.80					
1559	25.62	-	6.09	10.40	4.45	1.73	2.57	0.40	275.61					
1560	25.64	D	4.68	10.42	7.54	1.93	2.44	0.34	272.09					
1561	25.66	-	6.81	10.95	4.72	1.83	2.58	0.53	268.47					
1562	25.67	-	6.76	10.97	4.72	1.76	2.69	0.50	270.62					
1563	25.69	-	7.52	11.78	5.19	1.73	3.00	0.25	254.33					
1564	25.71	-	7.56	11.92	5.31	1.77	3.00	0.32	254.54					
1565	25.72	-	6.99	11.49	5.11	1.71	2.99	0.29	253.79					
1566	25.74	-	6.73	11.09	4.83	1.63	2.97	0.36	262.50					
1567	25.76	-	6.45	10.88	4.74	1.66	2.85	0.33	264.09					
1568	25.77	-	6.63	10.73	4.50	1.68	2.68	0.43	266.54					
1569	25.79	S	4.93	10.86	7.99	2.07	2.78	0.51	267.65					
1570	25.81	-	6.93	10.93	4.62	1.66	2.77	0.58	268.28					
1571	25.82	-	7.00	11.17	4.80	1.68	2.85	0.59	266.46					
1572	25.84	-	6.73	10.77	4.60	1.69	2.71	0.57	266.64					
1573	25.86	D	4.78	10.31	7.44	2.00	2.41	0.33	266.02					
1574	25.87	-	7.46	11.28	4.88	1.97	2.47	0.49	260.20					
1575	25.89	-	7.35	11.38	4.90	1.87	2.62	0.39	262.56					
1576	25.90	-	7.34	12.19	5.54	1.79	3.10	0.29	251.73					
1577	25.92	-	7.23	11.96	5.37	1.70	3.16	0.33	253.10					
1578	25.94	-	6.85	11.82	5.36	1.72	3.11	0.17	249.40					
1579	25.95	-	7.19	12.15	5.45	1.65	3.29	0.23	255.48					
1580	25.97	-	6.48	11.27	5.02	1.69	2.97	0.19	266.04					
1581	25.99	-	7.43	12.27	5.50	1.75	3.13	0.32	261.35					
1582	26.00	S	5.01	11.40	5.37	1.25	3.03	0.16	270.80					
1583	26.02	-	6.94	11.86	5.32	1.71	3.11	0.25	277.39					
1584	26.04	-	6.77	11.37	5.01	1.76	2.85	0.11	292.25					
1585	26.05	-	7.02	11.46	5.05	1.70	2.97	0.08	287.29					
1586	26.07	-	7.47	11.75	5.13	1.71	3.00	0.20	277.58					
1587	26.09	D	4.78	10.74	7.80	1.86	3.00	0.42	262.36					
1588	26.10	-	7.53	11.78	5.19	1.82	2.86	0.28	264.71					
1589	26.12	-	7.05	11.70	5.24	1.74	3.02	0.38	263.36					
1590	26.13	-	7.36	12.27	5.50	1.74	3.16	0.31	256.41					
1591	26.15	-	7.98	13.14	5.88	1.72	3.41	0.34	251.94					
1592	26.17	-	7.00	12.31	5.55	1.67	3.32	0.17	255.19					
1593	26.18	-	6.59	11.68	5.28	1.66	3.18	0.05	208.00					
1594	26.20	-	7.13	12.54	5.65	1.67	3.39	0.19	256.14					
1595	26.22	S	4.83	11.17	5.25	1.28	2.89	0.13	91.68					
1596	26.23	-	6.96	11.89	5.32	1.69	3.14	0.05	359.32					
1597	26.25	-	6.21	10.79	4.77	1.67	2.86	0.26	69.13					
1598	26.27	-	6.32	11.48	5.19	1.64	3.17	0.19	49.52					
1599	26.28	-	6.32	10.60	4.66	1.81	2.57	0.32	70.92					
1600	26.30	D	5.66	11.01	7.90	2.29	3.07	0.07	277.87					
1601	26.32	-	7.64	12.17	5.45	1.80	3.03	0.05	307.98					
1602	26.33	-	8.00	12.77	5.56	1.82	3.06	0.24	83.18					
1603	26.35	-	7.58	12.58	5.49	1.71	3.21	0.23	94.70					
1604	26.37	-	8.20	14.06	6.37	1.70	3.75	0.41	87.98					
1605	26.38	-	7.74	13.41	6.02	1.66	3.64	0.52	89.81					
1606	26.40	-	7.11	12.43	5.55	1.61	3.45	0.34	91.18					
1607	26.41	-	7.31	12.48	5.60	1.64	3.41	0.29	94.13					
1608	26.43	-	6.56	11.74	5.31	1.61	3.30	0.22	84.61					
1609	26.45	-	7.28	12.11	5.42	1.66	3.26	0.15	73.12					
1610	26.46	-	6.95	12.01	5.39	1.63	3.30	0.21	70.70					
1611	26.48	-	6.60	12.09	5.53	1.66	3.33	0.23	57.41					
1612	26.50	-	6.27	11.69	5.29	1.66	3.19	0.27	61.43					
1613	26.51	D	5.20	10.54	7.56	2.18	3.10	0.15	53.15					
1614	26.53	-	7.78	12.82	5.87	1.76	3.34	0.18	68.45					
1615	26.55	-	8.36	13.70	6.18	1.85	3.35	0.46	78.30					
1616	26.56	-	8.72	14.42	6.51	1.66	3.93	0.45	90.32					
1617	26.58	-	9.14	14.74	6.56	1.70	3.86	0.49	88.52					
1618	26.60	-	8.58	14.41	6.47	1.57	4.12	0.46	92.38					
1619	26.61	-	8.32	14.36	6.47	1.43	4.53	0.56	90.53					
1620	26.63	-	7.91	14.32	6.65	1.33	5.02	0.52	89.75					
1621	26.64	-	7.60	13.91	6.43	1.33	4.82	0.45	89.66					
1622	26.66	-	7.45	13.80	6.48	1.48	4.39	0.74	81.36					
1623	26.68	-	6.79	12.37	5.69	1.42	4.01	0.83	81.71					
1624	26.69	-	7.00	12.34	5.51	1.60	3.45	0.82	78.83					
1625	26.71	-	8.64	14.35	6.43	1.49	4.32	0.69	83.46					
1626	26.73	-	7.67	13.18	5.80	1.69	3.43	0.75	78.65					
1627	26.74	-	8.52	14.27	6.30	1.54	4.08	0.73	78.92					
1628	26.76	-	8.47	14.04	6.23	1.42	4.38	0.79	86.60					
1629	26.78	-	8.42	14.16	6.34	1.47	4.32	0.61	87.60					
1630	26.79	-	8.07	14.45	6.49	1.24	5.23	1.00	87.09					
1631	26.81	-	7.96	14.06	6.40	1.46	4.38	0.80	86.72					
1632	26.83	-	8.05	14.39	6.48	1.48	4.37	0.78	85.97					
1633	26.84	-	7.96	14.12	6.55	1.33	4.94	0.69	86.81					
1634	26.86	-	8.38	14.14	6.48	1.50	4.33	0.59	79.76					
1635	26.87	-	8.65	14.41	6.45	1.47	4.38	0.58	82.13					
1636	26.89	-	7.96	13.46	5.85	1.42	4.13	0.86	81.19					
1637	26.91	-	8.02	13.69	6.04	1.51	4.01	0.73	78.89					
1638	26.92	-	7.62	13.05	5.77	1.40	4.12	1.02	78.55					
1639	26.94	-	8.44	14.01	6.11	1.54	3.97	0.79	76.44					
1640	26.96	-	8.86	14.59	6.35	1.59	3.98	0.59	79.61					
1641	26.97	-	8.65	14.00	6.26	1.59	3.93	0.68	77.43					
1642	26.99	-	8.59	14.27	6.36	1.34	4.75	0.78	86.37					
1643	27.01	-	8.54	14.43	6.42	1.39	4.63	0.83	85.96					
1644	27.02	-	8.15	14.54	6.63	1.25	5.29	1.06	85.19					
1645	27.04	-	8.71	14.71	6.49	1.39	4.66	0.83	86.80					
1646	27.06	-	7.16	13.09	5.74	1.26	4.57	1.15	88.57					
1647	27.07	-	8.20	14.54	6.57	1.42	4.63	0.93	88.31					
1648	27.09	-	7.90	13.89	6.29	1.46	4.31	0.94	84.41					
1649	27.11	-	8.43	14.29	6.32	1.24	5.11	0.86	82.33					
1650	27.12	-	8.03	14.17	6.34	1.42	4.46	1.06	80.68					
1651	27.14	-	8.11	13.55	5.98	1.30	4.59	0.88	77.88					
1652	27.15	-	8.61	14.34	6.33	1.35	4.67	0.98	75.85					
1653	27.17	-	8.50	14.27	6.36	1.44	4.41	0.87	76.46					
1654	27.19	-	9.61	14.82	6.43	1.39	4.62	0.66	79.23					
1655	27.20	-	8.25	14.00	6.25	1.45	4.32	0.89	83.46					
1656	27.22	-	8.53	14.02	6.25	1.32	4.73	0.70	84.27					
1657	27.24	-	7.31	12.77	5.58	1.18	4.72	1.31	85.22					
1658	27.25	-	7.80	13.60	6.05	1.18	5.12	1.04	85.55					
1659	27.27	-	8.39	14.44	6.36	1.27	5.01	0.99	85.89					
1660	27.29	-	8.64	14.77	6.54	1.31	4.99	0.81	84.03					
1661	27.30	-	8.18	14.16	6.26	1.25	5.02	0.83	82.66					
1662	27.32	-	8.47	14.15	6.28	1.25	5.05	0.79	76.42					
1663	27.34	-	7.66	13.06	5.69	1.20	4.76	1.16	79.00					
1664	27.35	-	7.27	12.80	5.46	1.23	4.45	1.45	78.67					
1665	27.37	-	7.39	12.60	5.50	1.24	4.43	1.34	76.43					
1666	27.38	-	7.91	13.29	5.78	1.22	4.74	1.19	75.99					
1667	27.40	-	8.53	14.09	6.33	1.31	4.83	1.01	75.00					
1668	27.42	-	8.97	14.16	6.10	1.33	4.59	0.81	80.65					
1669	27.43	-	8.53	13.88	6.13	1.37	4.49	0.76	84.46					
1670	27.45	-	8.61	13.95	6.10	1.26	4.83	1.23	83.62					
1671	27.47	-	9.11	14.60	6.39	1.34	4.78	1.12	84.31					
1672	27.48	-	8.08	13.80	6.14	1.25	4.91	1.15	85.23					
1673	27.50	-	9.21	14.77	6.49	1.25	5.19	0.92	83.41					
1674	27.52	-	9.23	14.86	6.58	1.24	5.32	0.94	84.91					
1675	27.53	-	9.45	14.83	6.59	1.31	5.03	0.94	82.41					
1676	27.55	-	9.35	14.73	6.48	1.29	5.02	0.97	80.10					
1677	27.57	-	8.75	13.75	5.95	1.37	4.34	0.81	78.26					
1678	27.58	-	8.70	13.41	5.75	1.38	4.15	0.98	77.16					
1679	27.60	-	9.29	14.15	6.15	1.37	4.47	1.06	76.64					
1680	27.62	-	9.79	14.72	6.38	1.36	4.70	0.96	76.66					
1681	27.63	-	9.27	14.00	5.99	1.41	4.26	1.00	79.04					
1682	27.65	-	9.79	14.67	6.42	1.38	4.65	0.90	83.63					
1683	27.66	-	9.92	14.85	6.48	1.36	4.75	0.95	82.87					
1684	27.68	-	10.10	14.99	6.46	1.38	4.70	0.99	82.92					
1685	27.70	-	9.13	14.03	6.01	1.31	4.59	1.20	83.93					
1686	27.71	-	8.86	13.78	5.81	1.31	4.45	1.25	83.13					
1687	27.73	-	8.74	13.78	5.87	1.28	4.58	1.28	83.29					
1688	27.75	-	9.90	14.93	6.55	1.32	4.97	1.14	82.11					
1689	27.76	-	9.25	13.96	5.99	1.38	4.34	1.20	81.06					
1690	27.78	-	9.07	13.88	5.94	1.37	4.35	1.19	80.62					
1691	27.80	-	9.73	14.11	5.99	1.46	4.09	1.16	78.97					
1692	27.81	-	10.46	14.75	6.37	1.52	4.19	0.90	76.96					
1693	27.83	-	9.88	14.57	6.28	1.42	4.43	0.84	73.76					
1694	27.85	-	10.60	14.88	6.33	1.53	4.13	0.94	76.20					
1695	27.86	-	10.42	14.73	6.28	1.49	4.21	0.96	81.56					
1696	27.88	-	10.03	14.53	6.18	1.46	4.22	1.08	81.07					
1697	27.89	-	10.00	14.46	6.16	1.53	4.02	0.97	82.97					
1698	27.91	-	9.80	14.26	6.08	1.48	4.12	1.14	82.51					
1699	27.93	-	9.92	14.64	6.37	1.44	4.43	1.03	80.46					
1700	27.94	-	9.73	14.52	6.29	1.40	4.50	0.95	78.55					
1701	27.96	-	9.94	14.77	6.42	1.39	4.61	0.97	76.54					
1702	27.98	-	9.92	14.64	6.30	1.43	4.41	1.00	76.99					
1703	27.99	-	9.27	14.03	5.97	1.40	4.28	1.13	77.28					
1704	28.01	-	9.84	14.42	6.22	1.44	4.33	1.10	75.52					
1705	28.03	-	9.93	14.26	6.09	1.52	4.01	1.05	74.16					
1706	28.04	-	9.58	13.98	5.98	1.49	4.02	1.18	73.62					
1707	28.06	-	9.30	13.62	5.74	1.56	3.69	0.82	70.81					
1708	28.08	-	9.37	13.54	5.65	1.60	3.53	0.82	76.52					
1709	28.09	-	10.69	14.76	6.26	1.62	3.86	0.70	79.06					
1710	28.11	-	9.78	14.04	5.91	1.55	3.82	1.17	79.25					
1711	28.13	-	10.12	14.30	6.09	1.56	3.90	1.17	79.69					
1712	28.14	-	10.56	14.85	6.24	1.52	4.12	1.07	79.14					
1713	28.16	-	10.13	14.28	5.97	1.55	3.86	1.08	80.15					
1714	28.17	-	10.75	15.01	6.46	1.53	4.21	0.96	77.55					
1715	28.19	-	10.38	14.69	6.25	1.52	4.12	1.09	80.06					
1716	28.21	-	9.71	13.93	5.87	1.53	3.85	0.89	79.32					
1717	28.22	-	10.20	14.36	6.12	1.56	3.91	0.89	77.90					
1718	28.24	-	10.38	14.37	6.12	1.61	3.81	1.07	76.75					
1719	28.26	-	10.81	14.70	6.15	1.59	3.87	1.08	74.33					
1720	28.27	-	10.37	14.26	5.82	1.61	3.63	1.32	72.40					
1721	28.29	-	10.67	14.34	5.93	1.76	3.37	1.09	74.63					
1722	28.31	-	10.34	14.11	5.78	1.71	3.39	1.16	74.16					
1723	28.32	-	11.00	14.93	6.27	1.65	3.79	1.27	76.40					
1724	28.34	-	9.89	14.00	5.85	1.59	3.68	1.32	77.90					
1725	28.36	-	10.68	14.83	6.17	1.53	4.04	1.24	77.98					
1726	28.37	-	10.18	14.42	6.08	1.54	3.94	1.14	76.08					
1727	28.39	-	10.89	14.91	6.30	1.58	3.99	0.97	75.46					
1728	28.40	-	11.17	15.25	6.38	1.51	4.21	0.97	75.09					
1729	28.42	-	10.40	14.50	6.07	1.54	3.95	0.98	75.53					
1730	28.44	-	10.85	14.73	6.21	1.61	3.85	1.02	75.28					
1731	28.45	-	10.12	14.07	5.85	1.60	3.66	0.95	70.92					
1732	28.47	-	11.05	14.81	6.29	1.65	3.82	0.87	71.53					
1733	28.49	-	10.79	14.48	6.03	1.65	3.66	0.87	68.63					
1734	28.50	-	11.15	14.50	5.92	1.81	3.26	1.19	75.19					
1735	28.52	-	10.88	14.40	5.91	1.78	3.32	1.31	75.53					
1736	28.54	-	10.16	13.99	5.95	1.74	3.42	1.46	78.11					
1737	28.55	-	10.57	14.61	6.21	1.67	3.71	1.15	76.90					
1738	28.57	-	9.88	14.14	5.84	1.51	3.87	1.08	76.12					
1739	28.59	-	10.09	14.14	5.91	1.61	3.67	0.79	75.36					
1740	28.60	-	10.06	14.12	5.88	1.62	3.62	0.83	72.06					
1741	28.62	-	11.03	14.61	6.02	1.73	3.48	0.93	69.12					
1742	28.63	-	10.81	14.47	5.94	1.72	3.45	1.22	69.72					
1743	28.65	-	10.48	13.94	5.62	1.79	3.15	1.13	67.63					
1744	28.67	-	10.66	14.47	5.95	1.65	3.60	1.12	63.94					
1745	28.68	-	11.21	15.01	6.25	1.63	3.84	1.11	64.52					
1746	28.70	-	11.36	15.26	6.33	1.55	4.09	1.02	63.80					
1747	28.72	-	10.51	14.35	5.91	1.67	3.55	1.10	67.27					
1748	28.73	-	10.98	14.79	6.15	1.67	3.67	1.18	70.48					
1749	28.75	-	11.07	14.92	6.12	1.66	3.68	1.33	70.96					
1750	28.77	-	10.35	14.40	5.97	1.62	3.67	1.26	73.05					
1751	28.78	-	10.59	14.48	5.97	1.64	3.63	1.35	74.59					
1752	28.80	-	10.38	14.33	5.98	1.66	3.60	1.36	75.46					
1753	28.82	-	10.54	14.58	6.15	1.64	3.75	1.28	73.90					
1754	28.83	-	11.29	15.11	6.25	1.62	3.85	1.28	72.14					
1755	28.85	-	10.67	14.74	6.11	1.59	3.84	1.27	71.59					
1756	28.87	-	9.24	13.31	5.40	1.61	3.35	1.40	69.94					
1757	28.88	-	9.32	13.32	5.47	1.65	3.31	1.20	68.09					
1758	28.90	-	10.78	14.74	6.10	1.68	3.63	1.20	65.77					
1759	28.91	-	10.93	14.77	6.02	1.63	3.69	1.17	65.50					
1760	28.93	-	10.07	13.77	5.53	1.73	3.20	1.10	67.23					
1761	28.95	-	10.11	13.96	5.76	1.83	3.14	0.94	67.13					
1762	28.96	-	11.50	14.72	5.98	1.88	3.19	1.38	69.63					
1763	28.98	-	10.05	13.88	5.78	1.73	3.35	0.99	71.24					
1764	29.00	-	10.34	14.25	5.88	1.66	3.55	1.16	74.72					
1765	29.01	-	10.72	14.46	5.99	1.75	3.42	1.19	74.39					
1766	29.03	-	10.24	13.88	5.64	1.80	3.13	1.20	74.04					
1767	29.05	-	11.26	14.60	6.01	1.89	3.18	1.27	72.51					
1768	29.06	-	10.41	13.87	5.77	1.86	3.11	1.11	72.77					
1769	29.08	-	11.86	14.90	5.97	2.01	2.98	1.51	69.64					
1770	29.10	-	11.54	14.44	5.78	2.00	2.90	1.42	67.63					
1771	29.11	-	12.78	15.49	6.05	2.04	2.97	1.54	62.95					
1772	29.13	-	11.78	14.66	5.91	1.99	2.96	1.41	64.27					
1773	29.14	-	12.13	14.95	5.94	2.02	2.94	1.44	62.67					
1774	29.16	-	11.57	14.63	5.90	1.90	3.10	1.28	67.47					
1775	29.18	-	12.01	14.98	6.07	1.92	3.16	1.31	67.19					
1776	29.19	-	12.01	14.88	5.93	2.01	2.95	1.40	67.87					
1777	29.21	-	7.71	11.92	4.86	1.73	2.81	0.26	65.43					
