frame	position	phase	lumen_area	lumen_circumf	longest_distance	shortest_distance	elliptic_ratio	vector_length	vector_angle	measurement_1	measurement_2
1	0.00	-	9.70	11.06	3.65	3.38	1.15	0.67	240.90		
2	0.03	-	9.87	11.18	3.80	3.29	1.18	0.76	241.40		
3	0.07	-	10.63	11.65	4.07	3.30	1.25	0.94	237.66		
4	0.10	-	9.76	11.33	4.16	2.99	1.31	1.14	226.16		
5	0.13	-	8.51	10.56	3.86	2.78	1.36	1.16	235.68		
6	0.17	-	8.22	10.33	3.70	2.79	1.33	0.89	255.28		
7	0.20	-	6.63	9.27	3.31	2.49	1.19	0.66	298.57		
8	0.23	-	13.41	13.08	4.39	3.86	1.29	0.82	282.19		
9	0.27	-	9.96	11.24	3.79	3.31	1.16	1.12	235.49		
10	0.30	-	8.80	10.68	3.79	2.87	1.26	0.95	230.22		
11	0.33	-	10.06	11.33	3.91	3.25	1.18	0.85	233.02		
12	0.36	-	10.06	11.29	3.83	3.32	1.16	0.76	236.26		
13	0.40	-	10.09	11.32	3.85	3.27	1.15	0.79	238.70		
14	0.43	-	10.23	11.41	3.94	3.29	1.16	0.81	236.73		
15	0.46	-	9.89	11.23	3.91	3.25	1.21	0.96	231.23		
16	0.50	-	10.96	11.92	4.26	3.25	1.31	1.10	222.62		
17	0.53	-	9.69	11.16	3.93	3.10	1.27	1.15	231.65		
18	0.56	-	7.52	9.85	3.48	2.73	1.28	0.91	258.24		
19	0.60	-	6.88	9.43	3.38	2.56	1.32	0.82	288.40		
20	0.63	-	8.74	10.61	3.58	3.05	1.18	0.74	264.47		
21	0.66	-	11.44	12.01	3.95	3.75	1.05	1.15	239.41		
22	0.70	-	10.70	11.65	3.95	3.42	1.16	1.15	229.98		
23	0.73	-	10.30	11.44	3.87	3.33	1.17	0.97	235.66		
24	0.76	-	11.00	11.81	4.02	3.44	1.17	0.93	237.48		
25	0.80	-	10.80	11.69	3.95	3.45	1.14	0.93	238.16		
26	0.83	-	11.14	11.89	4.04	3.47	1.17	0.94	238.25		
27	0.86	-	10.62	11.61	3.97	3.42	1.16	0.99	231.95		
28	0.90	-	9.80	11.25	4.02	3.09	1.30	1.04	224.84		
29	0.93	-	10.00	11.39	4.05	3.08	1.31	1.11	224.31		
30	0.96	-	7.07	9.57	3.42	2.60	1.31	0.97	255.16		
31	1.00	-	6.93	9.48	3.39	2.57	1.32	0.93	285.34		
32	1.03	-	7.07	9.50	3.16	2.85	1.11	0.65	292.85		
33	1.06	-	13.32	13.01	4.38	3.76	1.16	0.94	243.70		
34	1.09	-	10.64	11.61	3.95	3.42	1.15	1.19	233.26		
35	1.13	-	10.29	11.43	3.89	3.31	1.18	1.03	232.14		
36	1.16	-	10.65	11.62	3.93	3.42	1.15	0.94	235.73		
37	1.19	-	10.93	11.77	3.98	3.48	1.15	0.93	236.97		
38	1.23	-	11.03	11.82	4.00	3.50	1.14	0.94	237.96		
39	1.26	-	11.20	11.91	4.06	3.55	1.14	1.03	234.49		
40	1.29	-	10.97	11.84	4.14	3.37	1.23	1.19	227.12		
41	1.33	-	10.40	11.58	4.08	3.18	1.28	1.19	227.77		
42	1.36	-	8.82	10.70	3.85	2.89	1.33	1.11	244.09		
43	1.39	-	7.19	9.61	3.37	2.68	1.26	0.89	271.95		
44	1.43	-	7.07	9.83	3.50	2.79	1.25	0.72	302.86		
45	1.46	-	15.16	13.96	4.80	3.87	1.24	0.81	248.65		
46	1.49	-	9.77	11.14	3.81	3.25	1.17	1.10	234.67		
47	1.53	-	10.02	11.30	3.89	3.23	1.21	0.97	230.57		
48	1.56	-	10.94	11.79	4.05	3.41	1.19	0.81	234.90		
49	1.59	-	11.15	11.88	4.02	3.50	1.15	0.75	244.01		
50	1.63	-	11.17	11.90	4.02	3.50	1.15	0.82	242.09		
51	1.66	-	10.91	11.77	4.02	3.41	1.18	0.91	240.08		
52	1.69	-	10.33	11.46	3.97	3.32	1.20	1.02	230.21		
53	1.72	-	10.40	11.56	4.06	3.26	1.24	1.14	228.22		
54	1.76	-	8.91	10.73	3.84	2.93	1.31	1.05	235.87		
55	1.79	-	8.16	10.22	3.57	2.88	1.24	0.90	258.94		
56	1.82	-	6.25	8.99	3.12	2.62	1.19	0.62	286.76		
57	1.86	-	13.77	13.42	4.65	3.59	1.29	0.72	267.00		
58	1.89	-	10.12	11.46	4.04	3.07	1.31	1.12	229.37		
59	1.92	-	9.46	11.02	3.85	3.06	1.26	0.83	223.59		
60	1.96	-	9.94	11.20	3.75	3.37	1.11	0.58	240.54		
61	1.99	-	10.64	11.59	3.87	3.50	1.11	0.64	253.15		
62	2.02	-	10.70	11.62	3.91	3.50	1.12	0.69	257.54		
63	2.06	-	11.14	11.87	3.98	3.55	1.12	0.77	257.99		
64	2.09	-	10.76	11.66	3.91	3.49	1.12	0.88	251.70		
65	2.12	-	10.12	11.33	3.85	3.33	1.16	0.93	246.73		
66	2.16	-	9.64	11.07	3.79	3.21	1.18	0.98	242.68		
67	2.19	-	9.12	10.79	3.75	3.04	1.23	0.92	263.62		
68	2.22	-	6.44	9.10	3.22	2.53	1.27	0.74	275.75		
69	2.26	-	8.49	10.38	3.54	3.04	1.16	0.92	262.66		
70	2.29	-	11.43	12.04	3.98	3.63	1.10	1.02	217.55		
71	2.32	-	9.20	10.80	3.67	3.19	1.15	0.77	216.11		
72	2.36	-	10.00	11.24	3.75	3.35	1.12	0.60	253.93		
73	2.39	-	10.49	11.51	3.87	3.44	1.12	0.63	269.64		
74	2.42	-	10.53	11.53	3.85	3.46	1.11	0.70	274.93		
75	2.45	-	10.89	11.73	3.93	3.49	1.13	0.78	277.95		
76	2.49	-	10.64	11.59	3.82	3.52	1.09	0.77	273.87		
77	2.52	-	10.06	11.27	3.74	3.43	1.09	0.87	254.61		
78	2.55	-	9.61	11.11	3.91	3.09	1.27	0.94	241.21		
79	2.59	-	8.16	10.24	3.61	2.86	1.26	0.84	249.01		
80	2.62	-	7.68	9.92	3.48	2.80	1.24	0.87	270.38		
81	2.65	-	7.87	10.10	3.67	2.75	1.33	0.96	299.45		
82	2.69	-	13.10	12.97	4.60	3.63	1.27	0.81	230.67		
83	2.72	-	11.45	12.03	4.00	3.62	1.10	1.18	220.44		
84	2.75	-	10.14	11.38	3.96	3.21	1.23	0.72	222.38		
85	2.79	-	10.44	11.48	3.81	3.49	1.09	0.57	245.68		
86	2.82	-	10.25	11.37	3.80	3.42	1.11	0.61	256.49		
87	2.85	-	10.67	11.62	3.93	3.46	1.14	0.66	264.57		
88	2.89	-	10.62	11.59	3.91	3.44	1.14	0.68	265.32		
89	2.92	-	10.69	11.62	3.86	3.51	1.10	0.87	256.08		
90	2.95	-	8.90	10.67	3.72	3.00	1.24	0.90	240.85		
91	2.99	-	9.04	10.80	3.84	2.97	1.29	0.98	240.39		
92	3.02	-	8.93	10.69	3.71	3.02	1.23	1.02	264.22		
93	3.05	-	6.10	8.84	3.08	2.49	1.24	0.71	294.34		
94	3.09	-	13.65	13.20	4.47	3.83	1.17	0.76	268.05		
95	3.12	-	10.30	11.48	3.99	3.22	1.24	1.06	225.00		
96	3.15	-	9.38	10.92	3.70	3.17	1.17	0.93	220.24		
97	3.18	-	9.91	11.19	3.75	3.33	1.13	0.67	240.15		
98	3.22	-	10.89	11.72	3.88	3.57	1.09	0.60	250.88		
99	3.25	-	10.97	11.76	3.92	3.57	1.10	0.65	255.20		
100	3.28	-	10.80	11.67	3.89	3.53	1.10	0.67	256.08		
101	3.32	-	11.50	12.07	4.08	3.61	1.13	0.81	248.30		
102	3.35	-	11.97	12.35	4.23	3.60	1.18	1.17	234.08		
103	3.38	-	9.13	10.88	3.91	2.94	1.33	1.03	233.51		
104	3.42	-	8.50	10.49	3.74	2.86	1.31	0.96	259.03		
105	3.45	-	6.29	9.00	3.16	2.57	1.23	0.62	283.21		
106	3.48	-	9.48	10.93	3.62	3.32	1.09	0.67	257.19		
107	3.52	-	11.08	11.85	4.03	3.50	1.15	1.20	229.87		
108	3.55	-	10.59	11.60	3.92	3.38	1.16	1.12	223.06		
109	3.58	-	9.97	11.24	3.82	3.30	1.16	0.81	230.76		
110	3.62	-	11.15	11.87	3.98	3.57	1.11	0.68	236.49		
111	3.65	-	11.15	11.87	3.92	3.59	1.09	0.67	238.18		
112	3.68	-	11.38	11.98	3.95	3.63	1.09	0.69	242.06		
113	3.72	-	11.31	11.97	4.00	3.54	1.13	0.73	241.98		
114	3.75	-	10.96	11.82	4.03	3.43	1.17	1.06	230.86		
115	3.78	-	9.66	11.20	4.04	3.01	1.34	1.08	232.22		
116	3.82	-	8.01	10.19	3.65	2.79	1.31	0.99	253.82		
117	3.85	-	7.32	9.68	3.40	2.72	1.25	0.78	279.36		
118	3.88	-	8.60	10.44	3.48	3.07	1.13	0.73	277.96		
119	3.91	-	12.03	12.36	4.23	3.67	1.15	1.04	236.88		
120	3.95	-	10.64	11.59	3.90	3.49	1.12	1.25	224.07		
121	3.98	-	10.24	11.41	3.92	3.29	1.19	0.90	225.64		
122	4.01	-	11.00	11.79	3.93	3.50	1.12	0.79	238.07		
123	4.05	-	11.33	11.96	3.98	3.59	1.11	0.77	239.98		
124	4.08	-	11.24	11.91	3.91	3.61	1.08	0.80	244.83		
125	4.11	-	11.17	11.87	3.91	3.58	1.09	0.77	244.08		
126	4.15	-	10.72	11.64	3.85	3.52	1.09	1.06	234.07		
127	4.18	-	9.93	11.34	4.04	3.10	1.30	1.13	231.91		
128	4.21	-	7.60	9.90	3.54	2.73	1.30	0.96	250.99		
129	4.25	-	7.79	9.98	3.49	2.83	1.23	0.88	277.95		
130	4.28	-	6.56	9.12	3.07	2.74	1.12	0.54	308.84		
131	4.31	-	13.99	13.31	4.44	3.97	1.12	0.93	227.03		
132	4.35	-	10.37	11.54	4.05	3.19	1.27	1.15	223.43		
133	4.38	-	9.49	10.98	3.74	3.21	1.16	0.85	222.87		
134	4.41	-	10.13	11.33	3.82	3.36	1.14	0.61	235.65		
135	4.45	-	10.53	11.53	3.86	3.43	1.12	0.62	260.48		
136	4.48	-	10.71	11.63	3.92	3.48	1.13	0.68	265.35		
137	4.51	-	11.00	11.78	3.92	3.54	1.11	0.78	260.36		
138	4.54	-	9.90	11.20	3.82	3.27	1.17	0.73	255.08		
139	4.58	-	10.03	11.30	3.90	3.25	1.20	0.91	244.47		
140	4.61	-	8.26	10.30	3.62	2.86	1.26	0.89	251.85		
141	4.64	-	8.90	10.63	3.66	3.09	1.19	0.91	272.35		
142	4.68	-	8.43	10.39	3.65	2.96	1.23	0.91	294.31		
143	4.71	-	14.46	13.65	4.75	3.76	1.26	0.87	246.94		
144	4.74	-	10.66	11.63	3.96	3.42	1.16	1.13	214.12		
145	4.78	-	8.70	10.57	3.71	2.93	1.26	0.63	220.30		
146	4.81	-	9.40	10.89	3.58	3.29	1.09	0.59	268.45		
147	4.84	-	9.84	11.14	3.72	3.38	1.10	0.71	285.23		
148	4.88	-	9.77	11.10	3.71	3.34	1.11	0.82	285.58		
149	4.91	-	9.92	11.21	3.80	3.33	1.14	0.89	286.11		
150	4.94	-	10.12	11.30	3.72	3.45	1.08	0.91	278.59		
151	4.98	-	10.39	11.45	3.82	3.49	1.10	0.82	272.43		
152	5.01	-	9.37	10.90	3.71	3.21	1.15	0.83	257.46		
153	5.04	-	10.44	11.48	3.80	3.45	1.10	0.94	276.16		
154	5.08	-	7.82	9.98	3.42	2.86	1.19	0.79	285.53		
155	5.11	-	10.96	11.81	3.94	3.63	1.09	0.76	266.98		
156	5.14	-	11.33	11.97	4.04	3.58	1.13	1.10	209.42		
157	5.18	-	8.20	10.20	3.46	3.04	1.14	0.75	222.82		
158	5.21	-	9.30	10.84	3.63	3.26	1.11	0.53	271.57		
159	5.24	-	10.02	11.24	3.70	3.42	1.08	0.78	288.49		
160	5.27	-	9.80	11.13	3.76	3.32	1.13	0.86	287.47		
161	5.31	-	10.02	11.27	3.82	3.32	1.15	0.98	291.80		
162	5.34	-	10.10	11.31	3.84	3.35	1.15	1.00	290.76		
163	5.37	-	10.13	11.30	3.73	3.45	1.08	0.92	276.55		
164	5.41	-	9.15	10.76	3.59	3.28	1.10	0.96	251.55		
165	5.44	-	8.82	10.60	3.66	3.05	1.20	0.87	263.05		
166	5.47	-	8.55	10.43	3.60	3.00	1.20	0.89	272.60		
167	5.51	-	7.93	10.04	3.45	2.91	1.19	0.84	282.77		
168	5.54	-	12.17	12.51	4.40	3.45	1.28	1.09	226.34		
169	5.57	-	10.25	11.45	3.97	3.21	1.24	1.06	213.98		
170	5.61	-	8.50	10.39	3.54	3.03	1.17	0.54	229.25		
171	5.64	-	9.79	11.10	3.63	3.43	1.06	0.55	279.40		
172	5.67	-	10.07	11.28	3.79	3.36	1.13	0.76	286.07		
173	5.71	-	10.04	11.26	3.78	3.38	1.12	0.82	288.92		
174	5.74	-	9.74	11.09	3.74	3.34	1.12	0.84	288.52		
175	5.77	-	10.59	11.55	3.79	3.57	1.06	0.84	277.00		
176	5.81	-	9.45	10.93	3.65	3.30	1.11	0.89	253.09		
177	5.84	-	8.59	10.49	3.67	2.94	1.25	0.89	252.43		
178	5.87	-	8.85	10.59	3.62	3.12	1.16	0.92	264.07		
179	5.90	-	7.65	9.89	3.43	2.81	1.22	0.78	288.86		
180	5.94	-	13.85	13.24	4.36	3.99	1.09	0.88	242.79		
181	5.97	-	9.79	11.35	4.07	3.00	1.36	1.07	225.49		
182	6.00	-	9.15	10.79	3.69	3.16	1.17	0.85	220.25		
183	6.04	-	9.18	10.81	3.72	3.12	1.20	0.63	240.70		
184	6.07	-	10.70	11.61	3.84	3.53	1.09	0.64	274.67		
185	6.10	-	10.19	11.35	3.78	3.38	1.12	0.70	277.30		
186	6.14	-	10.10	11.30	3.80	3.36	1.13	0.72	279.94		
187	6.17	-	10.61	11.55	3.78	3.59	1.05	0.74	274.58		
188	6.20	-	9.26	10.81	3.62	3.29	1.10	0.88	253.38		
189	6.24	-	8.70	10.51	3.60	3.08	1.17	0.92	249.39		
190	6.27	-	8.80	10.55	3.56	3.13	1.14	0.93	265.45		
191	6.30	-	7.99	10.12	3.57	2.84	1.26	0.83	282.39		
192	6.34	-	10.92	11.78	4.03	3.46	1.17	0.71	244.48		
193	6.37	-	10.53	11.61	4.04	3.26	1.24	1.13	221.79		
194	6.40	-	8.96	10.70	3.69	3.06	1.20	0.87	216.28		
195	6.44	-	9.82	11.17	3.82	3.27	1.17	0.67	238.60		
196	6.47	-	10.82	11.68	3.87	3.50	1.10	0.68	264.56		
197	6.50	-	10.58	11.56	3.86	3.46	1.12	0.71	270.45		
198	6.54	-	10.81	11.68	3.93	3.53	1.11	0.69	275.60		
199	6.57	-	10.75	11.63	3.81	3.62	1.05	0.75	270.37		
200	6.60	-	9.58	11.02	3.71	3.24	1.14	0.87	256.01		
201	6.63	-	9.81	11.18	3.89	3.21	1.21	1.05	243.50		
202	6.67	-	9.16	10.80	3.72	3.14	1.19	0.92	265.52		
203	6.70	-	7.17	9.62	3.45	2.65	1.30	0.71	274.46		
204	6.73	-	9.86	11.22	3.87	3.19	1.21	0.81	263.20		
205	6.77	-	11.33	11.97	4.04	3.54	1.14	1.05	227.27		
206	6.80	-	10.40	11.49	3.90	3.35	1.17	1.11	221.99		
207	6.83	-	9.46	10.95	3.73	3.22	1.16	0.73	228.60		
208	6.87	-	10.17	11.34	3.80	3.39	1.12	0.67	259.85		
209	6.90	-	10.31	11.42	3.81	3.38	1.13	0.69	267.83		
210	6.93	-	10.64	11.59	3.87	3.46	1.12	0.74	273.37		
211	6.97	-	10.85	11.69	3.83	3.57	1.07	0.74	275.07		
212	7.00	-	9.97	11.21	3.72	3.40	1.09	0.79	270.79		
213	7.03	-	8.92	10.64	3.63	3.15	1.15	0.94	245.00		
214	7.07	-	7.97	10.11	3.56	2.84	1.25	0.86	261.85		
215	7.10	-	7.46	9.76	3.42	2.79	1.23	0.81	275.09		
216	7.13	-	7.98	10.09	3.48	2.90	1.20	0.79	281.94		
217	7.17	-	11.63	12.22	4.18	3.53	1.18	1.09	231.00		
218	7.20	-	10.41	11.53	3.98	3.26	1.22	1.23	221.61		
219	7.23	-	9.16	10.81	3.73	3.10	1.20	0.84	226.59		
220	7.27	-	10.27	11.39	3.80	3.44	1.11	0.56	258.05		
221	7.30	-	10.59	11.55	3.82	3.51	1.09	0.75	274.66		
222	7.33	-	10.83	11.69	3.87	3.51	1.10	0.71	278.49		
223	7.37	-	10.39	11.45	3.77	3.49	1.08	0.79	280.53		
224	7.40	-	9.87	11.15	3.70	3.38	1.09	0.73	276.78		
225	7.43	-	8.45	10.36	3.55	3.02	1.18	0.80	260.69		
226	7.46	-	7.87	10.04	3.51	2.83	1.24	0.83	264.65		
227	7.50	-	9.52	10.98	3.73	3.24	1.15	0.95	279.45		
228	7.53	-	8.29	10.31	3.63	2.89	1.26	0.88	292.87		
229	7.56	-	13.84	13.24	4.43	3.90	1.14	0.87	245.27		
230	7.60	-	11.07	11.91	4.18	3.32	1.26	1.22	223.07		
231	7.63	-	9.93	11.26	3.88	3.22	1.21	0.88	219.43		
232	7.66	-	8.81	10.57	3.59	3.11	1.15	0.56	252.39		
233	7.70	-	10.31	11.39	3.70	3.52	1.05	0.79	283.93		
234	7.73	S	10.36	11.43	3.79	3.46	1.09	0.84	287.44		
235	7.76	-	10.55	11.54	3.85	3.48	1.11	0.90	291.07		
236	7.80	-	10.61	11.56	3.79	3.54	1.07	0.84	286.91		
237	7.83	-	9.91	11.19	3.75	3.37	1.11	0.85	283.97		
238	7.86	-	8.46	10.39	3.61	2.96	1.22	0.81	272.08		
239	7.90	-	10.10	11.30	3.76	3.38	1.11	0.92	289.97		
240	7.93	-	8.91	10.68	3.74	2.99	1.25	0.91	285.84		
241	7.96	-	11.76	12.26	4.13	3.52	1.17	0.76	256.17		
242	8.00	D	10.72	11.80	4.17	3.22	1.25	1.07	213.89		
243	8.03	-	8.23	10.21	3.46	2.99	1.16	0.73	227.53		
244	8.06	-	9.20	10.78	3.62	3.23	1.12	0.62	274.98		
245	8.09	-	10.22	11.35	3.73	3.49	1.07	0.90	296.78		
246	8.13	-	9.65	11.05	3.75	3.28	1.14	1.03	295.13		
247	8.16	-	9.64	11.05	3.79	3.27	1.16	1.10	297.08		
248	8.19	-	10.12	11.32	3.86	3.36	1.15	1.09	297.98		
249	8.23	S	10.22	11.35	3.80	3.42	1.11	1.02	290.98		
250	8.26	-	9.54	11.01	3.76	3.20	1.17	0.89	281.77		
251	8.29	-	10.41	11.47	3.84	3.46	1.11	1.02	289.66		
252	8.33	-	9.42	10.98	3.83	3.09	1.24	0.92	282.63		
253	8.36	-	10.02	11.32	3.91	3.20	1.22	0.92	260.27		
254	8.39	D	10.52	11.53	5.98	5.51	1.09	1.07	224.02		
255	8.43	-	8.98	10.66	3.56	3.18	1.12	0.69	231.03		
256	8.46	-	7.99	10.04	3.35	3.03	1.10	0.68	282.06		
257	8.49	-	9.54	10.98	3.71	3.27	1.13	1.03	295.19		
258	8.53	-	9.31	10.84	3.62	3.29	1.10	1.08	295.08		
259	8.56	-	9.88	11.20	3.84	3.31	1.16	1.21	301.28		
260	8.59	S	9.76	11.16	3.88	3.22	1.20	1.24	305.26		
261	8.63	-	9.42	10.91	3.71	3.28	1.13	1.12	300.07		
262	8.66	-	10.12	11.30	3.73	3.43	1.09	1.02	284.11		
263	8.69	-	7.83	9.98	3.46	2.89	1.20	0.90	295.35		
264	8.73	-	9.90	11.18	3.76	3.35	1.12	0.94	291.30		
265	8.76	-	8.44	10.36	3.55	3.00	1.18	0.95	282.27		
266	8.79	-	13.01	12.82	4.25	3.86	1.10	1.02	227.15		
267	8.82	D	10.49	11.54	6.14	5.32	1.21	1.09	225.42		
268	8.86	-	8.32	10.28	3.51	3.01	1.17	0.60	247.03		
269	8.89	-	9.05	10.68	3.52	3.27	1.08	0.80	290.44		
270	8.92	-	9.94	11.20	3.75	3.38	1.11	1.04	294.86		
271	8.96	-	9.89	11.18	3.78	3.36	1.13	1.14	298.85		
272	8.99	S	9.67	11.08	3.83	3.26	1.17	1.13	304.34		
273	9.02	-	10.32	11.40	3.77	3.52	1.07	1.14	303.88		
274	9.06	-	10.61	11.58	3.81	3.55	1.07	1.00	279.30		
275	9.09	-	8.81	10.58	3.65	3.06	1.19	0.84	281.68		
276	9.12	-	10.39	11.45	3.81	3.46	1.10	0.93	281.94		
277	9.16	-	9.70	11.12	3.85	3.16	1.22	0.89	284.54		
278	9.19	-	12.78	12.72	4.20	3.82	1.10	0.91	253.86		
279	9.22	D	9.89	11.24	6.11	5.07	1.18	0.96	220.62		
280	9.26	-	9.33	10.93	3.81	3.06	1.24	0.85	224.48		
281	9.29	-	8.48	10.35	3.46	3.12	1.11	0.68	268.04		
282	9.32	-	10.02	11.22	3.65	3.50	1.04	0.89	295.64		
283	9.36	-	9.01	10.68	3.64	3.16	1.15	1.02	296.74		
284	9.39	-	9.20	10.78	3.61	3.24	1.12	1.06	305.39		
285	9.42	S	10.22	11.36	3.81	3.42	1.11	1.09	306.55		
286	9.46	-	10.90	11.72	3.78	3.68	1.03	0.96	286.26		
287	9.49	-	9.04	10.73	3.71	3.08	1.20	0.86	276.36		
288	9.52	-	11.06	11.80	3.79	3.70	1.03	0.96	282.70		
289	9.55	-	8.56	10.51	3.77	2.88	1.31	0.88	283.79		
290	9.59	-	11.69	12.16	3.94	3.79	1.04	1.01	256.77		
291	9.62	D	10.44	11.53	6.12	5.18	1.18	1.02	227.59		
292	9.65	-	10.34	11.46	3.87	3.33	1.16	0.96	227.85		
293	9.69	-	7.41	9.77	3.46	2.69	1.28	0.66	259.01		
294	9.72	-	9.78	11.10	3.70	3.37	1.10	0.98	300.50		
295	9.75	-	9.37	10.89	3.69	3.24	1.14	0.99	300.30		
296	9.79	-	9.74	11.11	3.79	3.29	1.15	1.15	307.02		
297	9.82	S	9.57	11.00	3.72	3.31	1.12	1.09	309.06		
298	9.85	-	10.75	11.64	3.79	3.59	1.06	1.06	295.49		
299	9.89	-	9.72	11.10	3.79	3.26	1.16	0.96	277.81		
300	9.92	-	10.33	11.43	3.83	3.43	1.12	0.96	291.79		
301	9.95	-	8.79	10.62	3.74	2.96	1.26	0.89	284.28		
302	9.99	-	10.19	11.39	3.80	3.42	1.11	1.03	274.71		
303	10.02	D	10.87	11.75	6.19	5.43	1.16	1.00	232.94		
304	10.05	-	10.30	11.46	3.95	3.26	1.21	1.05	229.65		
305	10.09	-	8.19	10.24	3.58	2.89	1.24	0.70	254.36		
306	10.12	-	9.24	10.81	3.65	3.22	1.13	0.81	290.60		
307	10.15	-	9.66	11.03	3.64	3.37	1.08	0.98	295.01		
308	10.19	-	8.95	10.63	3.56	3.22	1.11	0.99	301.53		
309	10.22	S	8.98	10.67	3.64	3.15	1.16	1.08	304.94		
310	10.25	-	9.13	10.74	3.59	3.23	1.11	0.94	296.39		
311	10.28	-	10.27	11.40	3.84	3.38	1.14	0.94	276.43		
312	10.32	-	8.75	10.58	3.73	2.99	1.25	0.92	288.80		
313	10.35	-	8.98	10.66	3.61	3.16	1.14	0.92	285.87		
314	10.38	-	8.84	10.60	3.64	3.10	1.17	0.98	287.43		
315	10.42	-	11.55	12.07	3.96	3.70	1.07	1.05	235.85		
316	10.45	D	10.64	11.66	6.30	5.23	1.20	1.09	228.74		
317	10.48	-	8.05	10.19	3.61	2.79	1.29	0.78	248.50		
318	10.52	-	9.04	10.71	3.67	3.12	1.18	0.76	280.21		
319	10.55	-	10.21	11.35	3.76	3.44	1.09	0.98	292.64		
320	10.58	-	9.92	11.19	3.73	3.36	1.11	1.00	296.49		
321	10.62	S	10.27	11.39	3.81	3.48	1.10	1.04	301.97		
322	10.65	-	10.31	11.39	3.76	3.52	1.07	1.01	299.78		
323	10.68	-	10.28	11.38	3.72	3.53	1.05	0.94	296.09		
324	10.72	-	8.86	10.62	3.67	3.05	1.20	0.93	306.62		
325	10.75	-	9.24	10.81	3.67	3.22	1.14	0.82	304.18		
326	10.78	-	9.71	11.08	3.66	3.37	1.09	0.98	294.27		
327	10.82	-	11.35	12.06	4.12	3.46	1.19	1.00	247.70		
328	10.85	D	9.04	10.79	5.92	4.69	1.36	0.60	241.43		
329	10.88	-	8.18	10.22	3.54	2.91	1.22	0.68	276.89		
330	10.92	-	9.58	10.99	3.64	3.34	1.09	0.93	302.72		
331	10.95	-	9.97	11.23	3.81	3.36	1.13	1.14	302.77		
332	10.98	-	9.08	10.73	3.66	3.16	1.16	1.16	305.78		
333	11.02	-	9.50	11.02	3.85	3.15	1.22	1.26	310.84		
334	11.05	S	10.02	11.29	3.86	3.28	1.18	1.21	315.76		
335	11.08	-	10.40	11.47	3.87	3.46	1.12	1.22	309.78		
336	11.12	-	8.54	10.45	3.65	2.96	1.23	1.05	305.33		
337	11.15	-	10.05	11.27	3.77	3.41	1.11	1.08	310.96		
338	11.18	-	9.48	10.97	3.76	3.22	1.17	0.99	298.14		
339	11.21	-	11.39	12.01	3.86	3.74	1.03	1.07	262.11		
340	11.25	D	10.01	11.33	6.14	4.98	1.19	1.09	233.04		
341	11.28	-	9.28	10.87	3.72	3.12	1.19	0.91	240.51		
342	11.31	-	7.25	9.65	3.39	2.70	1.26	0.73	273.64		
343	11.35	-	9.63	11.02	3.65	3.35	1.09	1.10	303.00		
344	11.38	-	9.76	11.14	3.83	3.24	1.19	1.18	300.50		
345	11.41	-	9.69	11.10	3.84	3.23	1.19	1.21	307.06		
346	11.45	S	9.71	11.14	3.93	3.17	1.24	1.27	311.85		
347	11.48	-	9.95	11.20	3.74	3.45	1.08	1.22	312.07		
348	11.51	-	9.83	11.16	3.78	3.34	1.13	1.05	291.74		
349	11.55	-	9.31	10.89	3.78	3.13	1.21	1.13	303.46		
350	11.58	-	9.10	10.79	3.78	3.03	1.25	0.99	291.27		
351	11.61	-	9.57	11.06	3.78	3.27	1.16	1.13	281.31		
352	11.65	D	11.22	12.00	6.41	5.47	1.17	1.12	248.90		
353	11.68	-	9.02	10.74	3.71	3.07	1.21	1.00	242.60		
354	11.71	-	7.85	10.00	3.45	2.87	1.20	0.73	278.79		
355	11.75	-	10.35	11.43	3.82	3.44	1.11	1.19	301.47		
356	11.78	-	9.63	11.08	3.82	3.19	1.20	1.23	299.71		
357	11.81	-	9.71	11.14	3.89	3.17	1.23	1.30	307.66		
358	11.85	S	9.36	11.03	3.99	2.96	1.35	1.32	313.25		
359	11.88	-	9.10	10.82	3.87	2.99	1.29	1.33	312.33		
360	11.91	-	9.71	11.14	3.91	3.13	1.25	1.24	306.61		
361	11.95	-	9.07	10.80	3.83	2.97	1.29	1.16	313.76		
362	11.98	-	9.54	10.99	3.72	3.25	1.14	1.00	300.50		
363	12.01	-	10.04	11.29	3.77	3.40	1.11	1.11	293.15		
364	12.04	-	9.23	11.03	3.79	2.96	1.28	1.13	266.58		
365	12.08	D	9.05	10.75	5.81	4.86	1.20	0.91	250.94		
366	12.11	-	7.96	10.08	3.49	2.86	1.22	0.82	281.40		
367	12.14	-	9.93	11.25	3.93	3.25	1.21	1.25	303.96		
368	12.18	-	9.41	10.98	3.86	3.11	1.24	1.29	304.18		
369	12.21	-	9.46	11.06	3.95	3.02	1.31	1.34	306.06		
370	12.24	-	9.89	11.30	4.02	3.12	1.29	1.38	317.01		
371	12.28	S	9.13	10.84	3.87	3.04	1.27	1.35	317.92		
372	12.31	-	9.96	11.28	3.97	3.26	1.22	1.31	314.25		
373	12.34	-	8.48	10.46	3.72	2.87	1.29	1.21	313.76		
374	12.38	-	10.23	11.38	3.83	3.37	1.14	1.10	307.51		
375	12.41	-	9.39	10.90	3.68	3.23	1.14	1.08	291.59		
376	12.44	-	8.71	10.56	3.70	2.97	1.25	1.03	277.29		
377	12.48	D	8.49	10.43	5.64	4.62	1.25	0.86	255.49		
378	12.51	-	8.60	10.47	3.64	2.99	1.21	0.91	281.90		
379	12.54	-	9.34	11.01	3.95	2.95	1.34	1.28	298.72		
380	12.58	-	11.16	11.93	4.10	3.41	1.21	1.18	295.43		
381	12.61	-	10.94	11.84	4.19	3.32	1.26	1.23	296.09		
382	12.64	-	10.91	11.94	4.26	3.12	1.37	1.17	303.04		
383	12.68	-	9.71	11.20	4.02	3.11	1.29	1.34	318.53		
384	12.71	S	9.64	11.10	3.91	3.18	1.23	1.32	315.16		
385	12.74	-	8.74	10.60	3.76	2.96	1.27	1.26	314.11		
386	12.77	-	9.74	11.07	3.60	3.44	1.04	1.12	309.09		
387	12.81	-	8.33	10.36	3.68	2.87	1.28	1.04	291.52		
388	12.84	-	9.92	11.18	3.66	3.43	1.06	1.03	265.09		
389	12.87	-	8.52	10.59	3.88	2.73	1.42	0.80	266.15		
390	12.91	D	8.98	10.75	5.85	4.69	1.23	0.87	252.17		
391	12.94	-	7.99	10.10	3.52	2.90	1.21	0.84	289.50		
392	12.97	-	10.08	11.33	3.93	3.28	1.20	1.28	303.14		
393	13.01	-	9.47	10.98	3.81	3.15	1.21	1.21	304.32		
394	13.04	-	9.38	11.00	3.94	3.04	1.30	1.31	309.70		
395	13.07	S	9.37	11.01	3.98	3.03	1.31	1.36	313.06		
396	13.11	-	9.39	10.95	3.83	3.14	1.22	1.28	312.48		
397	13.14	-	9.68	11.12	3.90	3.20	1.22	1.28	306.50		
398	13.17	-	9.61	11.06	3.83	3.18	1.20	1.15	308.82		
399	13.21	-	8.88	10.69	3.79	2.99	1.27	1.01	294.95		
400	13.24	-	9.78	11.17	3.86	3.24	1.19	1.07	287.94		
401	13.27	-	10.97	11.84	4.06	3.40	1.19	1.05	241.54		
402	13.31	D	9.87	11.21	5.97	5.17	1.16	1.04	244.50		
403	13.34	-	8.06	10.15	3.55	2.85	1.24	0.78	265.77		
404	13.37	-	8.79	10.55	3.57	3.10	1.15	0.93	298.60		
405	13.41	-	9.71	11.10	3.80	3.23	1.18	1.09	302.72		
406	13.44	-	9.67	11.08	3.79	3.23	1.17	1.21	310.83		
407	13.47	-	9.52	11.04	3.89	3.12	1.25	1.27	313.70		
408	13.51	S	9.68	11.12	3.91	3.15	1.24	1.28	313.87		
409	13.54	-	9.99	11.27	3.91	3.30	1.19	1.20	305.96		
410	13.57	-	9.51	11.05	3.91	3.08	1.27	1.04	313.37		
411	13.61	-	9.31	10.88	3.75	3.16	1.19	1.03	303.63		
412	13.64	-	9.72	11.14	3.81	3.24	1.18	1.04	293.58		
413	13.67	-	9.45	10.92	3.57	3.39	1.05	1.11	249.63		
414	13.70	-	10.23	11.41	3.91	3.33	1.18	0.98	245.86		
415	13.74	D	9.01	10.75	5.89	4.69	1.26	0.77	255.86		
416	13.77	-	8.31	10.30	3.59	2.93	1.23	0.83	283.18		
417	13.80	-	10.29	11.40	3.81	3.47	1.10	1.18	306.90		
418	13.84	-	9.63	11.06	3.79	3.24	1.17	1.18	311.76		
419	13.87	-	9.55	11.07	3.91	3.11	1.26	1.29	316.40		
420	13.90	-	9.52	11.02	3.86	3.18	1.21	1.26	318.26		
421	13.94	S	10.19	11.37	3.90	3.36	1.16	1.23	308.10		
422	13.97	-	8.93	10.77	3.88	2.87	1.35	1.12	310.88		
423	14.00	-	9.96	11.22	3.79	3.35	1.13	1.05	310.62		
424	14.04	-	9.57	11.05	3.84	3.16	1.21	1.02	299.77		
425	14.07	-	10.71	11.64	3.77	3.64	1.04	1.20	260.26		
426	14.10	-	10.53	11.60	4.04	3.28	1.23	0.90	244.28		
427	14.14	D	9.36	10.95	5.95	4.86	1.22	0.84	249.62		
428	14.17	-	8.64	10.50	3.67	2.99	1.23	0.81	281.09		
429	14.20	-	9.98	11.23	3.77	3.36	1.12	1.10	304.46		
430	14.24	-	9.21	10.82	3.69	3.12	1.18	1.06	304.50		
431	14.27	-	9.35	10.98	3.91	3.01	1.30	1.28	313.28		
432	14.30	-	9.42	11.01	3.94	3.08	1.28	1.24	317.87		
433	14.34	S	10.14	11.35	3.93	3.32	1.19	1.26	314.47		
434	14.37	-	8.49	10.48	3.75	2.84	1.32	1.10	310.43		
435	14.40	-	10.31	11.41	3.83	3.43	1.12	1.09	310.05		
436	14.44	-	9.42	11.00	3.88	3.08	1.26	1.03	301.60		
437	14.47	-	11.79	12.29	4.00	3.80	1.05	1.13	278.63		
438	14.50	-	10.28	11.49	3.99	3.26	1.22	0.99	249.15		
439	14.53	D	9.53	11.03	5.90	5.01	1.18	0.98	250.79		
440	14.57	-	8.58	10.44	3.58	3.04	1.18	0.76	280.35		
441	14.60	-	9.11	10.74	3.59	3.17	1.13	0.97	299.45		
442	14.63	-	8.30	10.26	3.50	3.04	1.15	1.00	306.22		
443	14.67	-	9.53	11.05	3.88	3.11	1.25	1.33	313.96		
444	14.70	-	9.63	11.11	3.92	3.13	1.25	1.29	319.23		
445	14.73	S	10.07	11.31	3.92	3.29	1.19	1.30	320.32		
446	14.77	-	9.09	10.76	3.74	3.10	1.21	1.25	316.48		
447	14.80	-	9.38	10.96	3.84	3.09	1.24	1.17	319.29		
448	14.83	-	8.73	10.61	3.77	2.93	1.28	1.03	305.37		
449	14.87	-	10.31	11.47	3.77	3.50	1.08	1.04	284.39		
450	14.90	-	9.59	11.13	3.91	3.04	1.28	0.97	249.19		
451	14.93	D	9.78	11.15	5.95	5.09	1.17	0.91	256.81		
452	14.97	-	7.68	9.90	3.45	2.80	1.23	0.74	282.88		
453	15.00	-	8.98	10.71	3.71	3.04	1.22	1.08	305.73		
454	15.03	-	9.31	10.92	3.85	3.08	1.25	1.27	310.01		
455	15.07	-	9.27	10.93	3.88	3.02	1.28	1.27	318.38		
456	15.10	-	9.30	10.94	3.90	3.03	1.29	1.34	320.91		
457	15.13	S	9.87	11.23	3.94	3.20	1.23	1.35	323.06		
458	15.17	-	9.41	10.99	3.90	3.09	1.26	1.32	319.30		
459	15.20	-	9.58	11.09	3.89	3.08	1.27	1.32	325.11		
460	15.23	-	9.33	10.94	3.86	3.06	1.26	1.21	316.50		
461	15.27	-	9.27	10.84	3.63	3.27	1.11	1.01	290.42		
462	15.30	-	8.95	10.64	3.52	3.22	1.09	1.09	255.46		
463	15.33	D	8.94	10.65	5.64	4.88	1.15	0.89	267.69		
464	15.36	-	8.11	10.21	3.61	2.82	1.28	0.92	290.02		
465	15.40	-	9.99	11.26	3.86	3.33	1.16	1.09	297.81		
466	15.43	-	10.17	11.38	3.95	3.30	1.20	1.15	299.69		
467	15.46	-	10.01	11.37	4.07	3.13	1.30	1.20	306.91		
468	15.50	-	10.03	11.38	4.04	3.13	1.29	1.25	318.16		
469	15.53	-	9.93	11.30	4.02	3.14	1.28	1.26	321.61		
470	15.56	S	9.59	11.12	3.98	3.06	1.30	1.28	322.19		
471	15.60	-	8.99	10.85	3.94	2.83	1.39	1.30	318.68		
472	15.63	-	10.31	11.51	4.06	3.20	1.27	1.35	323.63		
473	15.66	-	9.87	11.19	3.81	3.33	1.14	1.15	299.46		
474	15.70	-	10.57	11.57	3.86	3.50	1.10	1.10	273.10		
475	15.73	-	8.23	10.30	3.64	2.81	1.29	0.83	276.14		
476	15.76	D	7.93	10.16	5.73	4.24	1.31	0.93	285.90		
477	15.80	-	10.37	11.48	3.93	3.32	1.18	1.09	295.04		
478	15.83	-	9.91	11.28	3.96	3.17	1.25	1.19	299.10		
479	15.86	-	9.65	11.15	3.96	3.05	1.30	1.23	303.79		
480	15.90	-	9.02	10.82	3.89	2.92	1.33	1.28	312.47		
481	15.93	-	9.67	11.14	3.94	3.13	1.26	1.28	319.75		
482	15.96	S	9.58	11.11	3.96	3.09	1.28	1.34	322.56		
483	16.00	-	9.39	11.02	3.96	2.99	1.32	1.32	319.27		
484	16.03	-	9.72	11.14	3.90	3.22	1.21	1.24	316.12		
485	16.06	-	9.33	10.93	3.85	3.09	1.25	1.14	304.97		
486	16.09	-	10.70	11.62	3.83	3.54	1.08	1.10	280.60		
487	16.13	-	8.62	10.56	3.75	2.86	1.31	0.96	270.79		
488	16.16	D	9.06	10.79	5.91	4.68	1.20	0.90	268.31		
489	16.19	-	8.43	10.47	3.79	2.80	1.35	0.95	293.82		
490	16.23	-	10.10	11.32	3.85	3.29	1.17	0.99	298.23		
491	16.26	-	9.53	11.12	4.01	2.97	1.35	1.18	307.00		
492	16.29	-	9.89	11.36	4.12	2.97	1.39	1.21	312.76		
493	16.33	-	10.68	11.72	4.17	3.28	1.27	1.28	323.21		
494	16.36	S	9.50	11.12	4.01	2.96	1.35	1.27	322.27		
495	16.39	-	9.72	11.21	4.05	3.07	1.32	1.34	322.15		
496	16.43	-	10.43	11.50	3.95	3.40	1.16	1.24	324.93		
497	16.46	-	8.30	10.39	3.75	2.78	1.35	1.07	304.05		
498	16.49	-	10.40	11.48	3.76	3.55	1.06	1.11	289.58		
499	16.53	-	9.27	10.91	3.81	3.05	1.25	1.01	264.53		
500	16.56	D	9.61	11.06	5.92	5.01	1.18	0.99	265.54		
501	16.59	-	8.02	10.16	3.61	2.79	1.29	0.82	286.14		
502	16.63	-	9.79	11.16	3.82	3.24	1.18	1.01	297.31		
503	16.66	-	10.60	11.67	4.15	3.26	1.27	1.08	303.12		
504	16.69	-	10.00	11.43	4.16	3.00	1.39	1.14	307.36		
505	16.73	-	10.41	11.59	4.13	3.22	1.28	1.14	320.18		
506	16.76	S	9.80	11.30	4.09	3.02	1.36	1.24	329.16		
507	16.79	-	9.57	11.11	3.97	3.06	1.30	1.28	325.43		
508	16.82	-	9.80	11.20	3.91	3.17	1.23	1.26	331.31		
509	16.86	-	8.90	10.69	3.77	3.00	1.26	1.14	318.99		
510	16.89	-	9.28	10.85	3.71	3.16	1.17	1.04	303.23		
511	16.92	-	9.56	11.00	3.69	3.31	1.11	1.03	272.16		
512	16.96	-	8.79	10.61	3.68	3.01	1.22	0.91	273.22		
513	16.99	D	7.88	10.13	5.79	4.23	1.24	0.83	279.06		
514	17.02	-	8.84	10.66	3.74	2.98	1.25	1.02	304.66		
515	17.06	-	10.01	11.31	3.93	3.18	1.23	1.02	303.10		
516	17.09	-	10.12	11.44	4.06	3.09	1.31	1.10	307.17		
517	17.12	-	10.79	11.80	4.19	3.26	1.29	1.11	320.87		
518	17.16	-	9.78	11.36	4.12	2.99	1.38	1.22	329.33		
519	17.19	S	9.94	11.30	3.99	3.17	1.26	1.34	327.48		
520	17.22	-	9.70	11.18	3.96	3.11	1.27	1.33	327.47		
521	17.26	-	9.81	11.21	3.90	3.16	1.23	1.21	327.52		
522	17.29	-	9.25	10.82	3.68	3.19	1.15	1.07	314.09		
523	17.32	-	9.39	10.89	3.65	3.34	1.09	0.96	279.46		
524	17.36	-	8.79	10.61	3.72	3.00	1.24	0.90	276.35		
525	17.39	D	8.76	10.62	5.92	4.59	1.25	0.92	274.65		
526	17.42	-	9.09	10.80	3.81	3.00	1.27	0.92	294.09		
527	17.46	-	10.33	11.44	3.87	3.37	1.15	1.02	302.46		
528	17.49	-	10.28	11.50	4.08	3.17	1.29	1.06	304.70		
529	17.52	-	9.85	11.32	4.09	3.03	1.35	1.16	320.06		
530	17.56	-	10.24	11.53	4.15	3.13	1.32	1.12	325.09		
531	17.59	S	9.56	11.10	3.95	3.09	1.28	1.30	328.27		
532	17.62	-	9.29	10.97	3.93	2.99	1.31	1.27	327.09		
533	17.65	-	9.42	11.00	3.88	3.05	1.27	1.24	325.86		
534	17.69	-	9.22	10.84	3.78	3.12	1.21	1.09	315.79		
535	17.72	-	10.27	11.38	3.77	3.47	1.09	0.97	295.09		
536	17.75	-	8.08	10.33	3.81	2.64	1.44	0.92	284.29		
537	17.79	D	9.18	10.84	3.76	3.05	1.22	0.95	275.56		
538	17.82	-	7.83	10.06	3.59	2.75	1.31	0.83	293.46		
539	17.85	-	9.84	11.15	3.76	3.34	1.12	0.96	303.01		
540	17.89	-	9.57	11.10	3.99	3.07	1.30	1.08	312.62		
541	17.92	-	10.13	11.42	4.07	3.17	1.28	1.19	321.58		
542	17.95	-	10.38	11.57	4.13	3.20	1.29	1.22	328.17		
543	17.99	-	9.81	11.24	4.01	3.11	1.29	1.27	331.80		
544	18.02	S	9.39	11.00	3.92	3.05	1.28	1.30	330.12		
545	18.05	-	10.63	11.64	4.06	3.36	1.21	1.29	333.66		
546	18.09	-	9.12	10.80	3.79	3.07	1.24	1.12	316.45		
547	18.12	-	9.59	11.03	3.72	3.26	1.14	1.00	305.06		
548	18.15	-	8.51	10.46	3.68	2.90	1.27	1.05	276.21		
549	18.19	D	8.91	10.68	5.83	4.69	1.22	0.96	275.35		
550	18.22	-	9.05	10.75	3.76	3.06	1.23	0.91	280.54		
551	18.25	-	8.50	10.40	3.62	2.99	1.21	0.89	294.47		
552	18.29	-	9.27	10.96	3.94	2.95	1.34	1.15	311.12		
553	18.32	-	9.59	11.12	3.96	3.04	1.30	1.22	319.28		
554	18.35	-	9.76	11.20	3.99	3.14	1.27	1.30	327.09		
555	18.38	-	10.22	11.53	4.17	3.11	1.34	1.32	331.63		
556	18.42	S	9.24	10.93	3.90	3.02	1.29	1.33	329.31		
557	18.45	-	8.98	10.78	3.84	2.94	1.30	1.29	331.20		
558	18.48	-	9.03	10.78	3.81	2.98	1.28	1.24	325.08		
559	18.52	-	9.18	10.80	3.71	3.15	1.18	1.03	312.56		
560	18.55	-	9.01	10.72	3.70	3.12	1.18	1.00	275.42		
561	18.58	-	8.04	10.21	3.68	2.76	1.33	0.95	290.81		
562	18.62	D	9.18	10.82	5.80	4.95	1.14	0.88	272.40		
563	18.65	-	8.94	10.70	3.76	3.02	1.25	0.98	303.66		
564	18.68	-	9.46	11.00	3.87	3.12	1.24	1.21	313.41		
565	18.72	-	8.73	10.64	3.80	2.89	1.31	1.19	316.01		
566	18.75	-	9.01	10.81	3.88	2.93	1.33	1.26	327.16		
567	18.78	-	9.82	11.23	3.94	3.20	1.23	1.34	332.43		
568	18.82	-	9.70	11.31	4.11	2.98	1.38	1.27	330.37		
569	18.85	S	8.76	10.71	3.87	2.86	1.35	1.37	332.18		
570	18.88	-	9.86	11.31	4.02	3.08	1.31	1.24	330.85		
571	18.92	-	9.44	11.00	3.87	3.08	1.26	1.17	312.10		
572	18.95	-	9.97	11.26	3.81	3.31	1.15	1.11	281.29		
573	18.98	-	8.37	10.40	3.69	2.82	1.31	0.86	282.43		
574	19.02	D	8.47	10.47	5.84	4.43	1.32	0.90	285.31		
575	19.05	-	8.02	10.19	3.66	2.76	1.33	1.05	303.15		
576	19.08	-	8.61	10.53	3.73	2.91	1.28	1.19	307.45		
577	19.11	-	8.29	10.36	3.75	2.86	1.31	1.29	306.89		
578	19.15	-	7.86	10.13	3.72	2.68	1.39	1.26	318.54		
579	19.18	-	8.66	10.58	3.77	2.91	1.30	1.25	329.49		
580	19.21	S	8.04	10.18	3.64	2.90	1.19	1.21	333.54		
581	19.25	-	9.69	11.20	4.04	3.07	1.32	1.17	324.08		
582	19.28	-	9.40	10.97	3.85	3.13	1.23	1.22	329.72		
583	19.31	-	8.91	10.78	3.91	2.85	1.37	1.10	312.80		
584	19.35	-	9.66	11.10	3.85	3.21	1.20	1.03	291.55		
585	19.38	-	8.33	10.45	3.79	2.71	1.40	1.03	283.47		
586	19.41	D	8.39	10.40	5.83	4.46	1.31	0.96	288.51		
587	19.45	-	7.60	9.99	3.68	2.60	1.41	1.10	300.43		
588	19.48	-	7.78	10.04	3.63	2.72	1.34	1.27	302.42		
589	19.51	-	8.24	10.42	3.82	2.69	1.42	1.31	304.11		
590	19.55	-	7.57	10.00	3.68	2.54	1.45	1.31	309.95		
591	19.58	-	8.15	10.30	3.68	2.73	1.35	1.24	323.24		
592	19.61	S	8.02	10.21	3.69	2.87	1.23	1.30	334.61		
593	19.65	-	9.45	11.04	3.93	3.02	1.30	1.18	327.14		
594	19.68	-	9.83	11.26	4.00	3.17	1.26	1.11	314.80		
595	19.71	-	9.06	10.91	3.98	2.80	1.42	1.15	314.35		
596	19.75	-	8.95	10.71	3.78	3.03	1.25	1.05	300.92		
597	19.78	-	7.95	10.23	3.69	2.66	1.39	0.92	285.53		
598	19.81	D	9.43	11.00	6.00	4.82	1.22	0.96	277.13		
599	19.85	-	8.25	10.38	3.75	2.71	1.39	0.97	293.15		
600	19.88	-	8.29	10.36	3.72	2.79	1.33	1.18	308.04		
601	19.91	-	7.84	10.11	3.71	2.70	1.37	1.23	308.28		
602	19.94	-	8.27	10.39	3.77	2.75	1.37	1.26	314.07		
603	19.98	-	8.01	10.17	3.60	2.80	1.29	1.22	322.65		
604	20.01	S	8.21	10.31	3.70	2.82	1.28	1.27	329.48		
605	20.04	-	8.84	10.68	3.78	2.91	1.30	1.16	327.06		
606	20.08	-	9.14	10.90	3.95	2.94	1.34	1.01	316.03		
607	20.11	-	9.94	11.29	3.98	3.21	1.24	1.07	307.71		
608	20.14	-	9.29	10.94	3.90	2.99	1.30	1.03	309.21		
609	20.18	-	8.83	10.64	3.74	3.00	1.25	0.95	290.02		
610	20.21	-	8.23	10.30	3.65	2.82	1.29	0.94	289.49		
611	20.24	D	8.29	10.33	5.70	4.48	1.27	0.93	289.96		
612	20.28	-	7.90	10.10	3.60	2.76	1.31	1.07	305.89		
613	20.31	-	8.42	10.35	3.57	2.99	1.20	1.14	313.55		
614	20.34	-	8.05	10.23	3.70	2.75	1.35	1.22	314.25		
615	20.38	-	7.89	10.11	3.64	2.72	1.34	1.19	323.02		
616	20.41	-	8.53	10.50	3.74	2.86	1.31	1.26	331.80		
617	20.44	S	8.44	10.53	3.85	2.76	1.29	1.18	328.77		
618	20.48	-	8.96	10.83	3.90	2.83	1.38	0.98	326.58		
619	20.51	-	9.87	11.23	3.94	3.22	1.22	1.07	316.73		
620	20.54	-	9.84	11.18	3.68	3.33	1.11	0.98	298.60		
621	20.58	-	10.24	11.43	3.94	3.26	1.21	1.03	295.25		
622	20.61	-	9.05	10.80	3.82	2.95	1.29	1.00	288.33		
623	20.64	D	9.01	10.81	6.06	4.54	1.33	0.97	286.87		
624	20.67	-	8.43	10.47	3.77	2.79	1.35	1.07	304.59		
625	20.71	-	8.36	10.37	3.68	2.87	1.28	1.18	310.83		
626	20.74	-	8.09	10.24	3.69	2.76	1.34	1.21	315.57		
627	20.77	-	7.53	9.91	3.63	2.62	1.39	1.21	321.60		
628	20.81	-	8.29	10.37	3.71	2.83	1.31	1.24	329.66		
629	20.84	S	7.96	10.14	3.62	2.77	1.31	1.18	329.62		
630	20.87	-	10.04	11.44	4.13	3.04	1.36	1.14	329.95		
631	20.91	-	10.02	11.34	3.99	3.18	1.25	1.13	318.13		
632	20.94	-	9.68	11.12	3.86	3.24	1.19	1.07	301.72		
633	20.97	-	9.97	11.27	3.87	3.27	1.19	1.03	302.47		
634	21.01	-	9.23	10.89	3.82	3.02	1.26	1.02	286.39		
635	21.04	-	9.21	10.92	3.91	2.97	1.32	0.97	284.04		
636	21.07	D	8.60	10.57	5.96	4.42	1.35	0.99	300.48		
637	21.11	-	8.47	10.45	3.74	2.86	1.30	1.19	312.17		
638	21.14	-	7.66	9.99	3.63	2.65	1.37	1.15	313.49		
639	21.17	-	7.72	10.03	3.66	2.68	1.36	1.21	322.71		
640	21.21	-	8.51	10.44	3.69	2.97	1.24	1.23	333.52		
641	21.24	-	7.93	10.12	3.61	2.77	1.30	1.20	332.55		
642	21.27	S	8.64	10.62	3.84	2.87	1.30	1.19	331.92		
643	21.31	-	9.31	11.03	3.98	2.88	1.38	1.14	329.33		
644	21.34	-	8.82	10.67	3.78	2.95	1.28	0.98	314.84		
645	21.37	-	9.69	11.08	3.72	3.34	1.11	1.07	302.96		
646	21.41	D	8.65	10.65	6.06	4.32	1.40	1.09	292.97		
647	21.44	-	8.91	10.71	3.77	2.96	1.28	1.02	288.76		
648	21.47	-	8.42	10.49	3.82	2.76	1.38	1.00	298.57		
649	21.51	-	8.67	10.57	3.77	2.92	1.29	1.26	311.19		
650	21.54	-	8.84	10.69	3.85	2.92	1.32	1.26	315.26		
651	21.57	-	8.62	10.58	3.81	2.85	1.34	1.33	320.82		
652	21.60	-	9.40	10.96	3.77	3.15	1.20	1.31	338.47		
653	21.64	S	8.47	10.43	3.66	3.00	1.21	1.32	339.13		
654	21.67	-	8.87	10.68	3.77	2.96	1.28	1.26	332.99		
655	21.70	-	9.38	11.03	3.97	2.97	1.34	1.25	325.40		
656	21.74	-	8.90	10.74	3.85	2.90	1.33	1.15	314.15		
657	21.77	-	10.42	11.55	4.02	3.23	1.25	1.18	301.84		
658	21.80	-	9.36	11.04	3.99	2.93	1.36	1.04	292.64		
659	21.84	-	8.96	10.78	3.87	2.92	1.33	1.13	294.88		
660	21.87	D	8.53	10.54	6.00	4.42	1.36	1.19	299.61		
661	21.90	-	7.48	9.90	3.64	2.61	1.39	1.25	307.12		
662	21.94	-	8.14	10.35	3.81	2.70	1.41	1.27	312.64		
663	21.97	-	8.09	10.33	3.80	2.64	1.44	1.19	317.70		
664	22.00	-	8.99	10.80	3.80	3.03	1.25	1.19	335.62		
665	22.04	-	7.66	9.96	3.50	2.82	1.24	1.05	342.24		
666	22.07	S	8.66	10.52	3.59	3.04	1.28	1.25	339.79		
667	22.10	-	8.26	10.52	3.94	2.59	1.52	1.32	321.45		
668	22.14	-	8.44	10.46	3.78	2.83	1.34	1.20	315.08		
669	22.17	-	8.85	10.67	3.77	2.97	1.27	1.21	302.46		
670	22.20	-	9.04	10.83	3.91	2.91	1.35	1.22	298.90		
671	22.24	-	8.10	10.24	3.65	2.79	1.31	1.16	295.05		
672	22.27	D	7.18	9.76	5.67	3.87	1.46	1.29	298.45		
673	22.30	-	8.41	10.50	3.79	2.73	1.39	1.28	309.30		
674	22.33	-	7.66	10.04	3.62	2.59	1.40	1.26	311.87		
675	22.37	-	8.49	10.45	3.70	2.93	1.26	1.25	324.71		
676	22.40	-	8.89	10.64	3.66	3.13	1.17	1.27	341.95		
677	22.43	-	8.54	10.44	3.61	3.00	1.20	1.28	350.17		
678	22.47	S	8.44	10.41	3.60	2.99	1.21	1.26	351.45		
679	22.50	-	7.22	9.80	3.67	2.56	1.43	1.27	325.42		
680	22.53	-	8.08	10.32	3.81	2.68	1.42	1.29	313.66		
681	22.57	-	9.13	10.94	3.90	2.88	1.35	1.30	299.38		
682	22.60	-	8.84	10.71	3.84	2.90	1.33	1.24	295.21		
683	22.63	-	7.91	10.10	3.63	2.79	1.30	1.32	286.85		
684	22.67	D	7.41	9.83	5.53	4.09	1.35	1.25	296.45		
685	22.70	-	7.00	9.68	3.59	2.37	1.51	1.29	308.01		
686	22.73	-	7.88	10.14	3.64	2.67	1.36	1.32	315.39		
687	22.77	-	8.79	10.60	3.70	3.03	1.22	1.31	323.94		
688	22.80	-	9.07	10.75	3.62	3.20	1.13	1.32	333.29		
689	22.83	S	8.30	10.28	3.54	2.98	1.19	1.32	346.72		
690	22.87	-	8.10	10.16	3.52	2.92	1.20	1.20	349.74		
691	22.90	-	7.65	9.95	3.60	2.77	1.30	1.24	342.83		
692	22.93	-	7.72	10.11	3.78	2.59	1.46	1.31	311.59		
693	22.97	-	8.82	10.69	3.86	2.92	1.32	1.35	307.01		
694	23.00	-	9.52	11.13	3.99	2.98	1.34	1.35	302.26		
695	23.03	-	8.54	10.50	3.74	2.91	1.29	1.20	294.85		
696	23.06	D	8.42	10.46	5.88	4.43	1.33	1.32	299.14		
697	23.10	-	7.33	9.81	3.59	2.55	1.41	1.22	304.89		
698	23.13	-	7.74	10.09	3.67	2.64	1.39	1.32	312.39		
699	23.16	-	8.59	10.48	3.63	2.99	1.21	1.31	324.95		
700	23.20	-	9.40	10.91	3.64	3.34	1.09	1.31	332.01		
701	23.23	S	9.00	10.68	3.62	3.17	1.14	1.27	344.01		
702	23.26	-	7.63	9.86	3.37	2.87	1.17	1.16	347.44		
703	23.30	-	7.09	9.52	3.24	2.82	1.15	1.17	343.37		
704	23.33	-	7.48	9.94	3.65	2.57	1.42	1.26	317.95		
705	23.36	-	7.97	10.19	3.68	2.77	1.33	1.37	307.41		
706	23.40	D	9.61	11.15	6.18	4.78	1.29	1.30	300.28		
707	23.43	-	8.85	10.68	3.80	3.01	1.26	1.28	297.47		
708	23.46	-	8.30	10.39	3.77	2.81	1.34	1.35	299.65		
709	23.50	-	7.99	10.22	3.72	2.70	1.38	1.26	306.93		
710	23.53	-	9.10	10.76	3.69	3.12	1.18	1.35	323.40		
711	23.56	-	8.48	10.42	3.65	2.97	1.23	1.31	327.19		
712	23.60	S	8.96	10.67	3.65	3.20	1.14	1.29	339.48		
713	23.63	-	8.75	10.61	3.70	3.00	1.23	1.31	345.51		
714	23.66	-	8.82	10.64	3.74	3.04	1.23	1.31	343.74		
715	23.70	-	8.61	10.57	3.76	2.88	1.31	1.34	334.98		
716	23.73	-	7.93	10.19	3.74	2.66	1.40	1.30	313.18		
717	23.76	-	8.61	10.63	3.90	2.78	1.40	1.33	312.10		
718	23.79	-	9.30	10.96	3.89	3.00	1.30	1.30	310.19		
719	23.83	D	9.78	11.16	6.03	5.02	1.20	1.25	305.96		
720	23.86	-	8.82	10.61	3.71	3.03	1.23	1.14	299.08		
721	23.89	-	8.75	10.61	3.77	2.94	1.28	1.17	301.11		
722	23.93	-	7.95	10.14	3.64	2.76	1.32	1.22	308.86		
723	23.96	-	8.57	10.53	3.77	2.85	1.32	1.27	317.99		
724	23.99	-	9.12	10.78	3.71	3.17	1.17	1.37	329.92		
725	24.03	-	8.86	10.65	3.72	3.11	1.19	1.30	334.85		
726	24.06	S	9.06	10.76	3.75	3.11	1.21	1.31	342.13		
727	24.09	-	8.51	10.44	3.68	2.96	1.24	1.30	339.80		
728	24.13	-	8.53	10.50	3.75	2.88	1.30	1.29	330.93		
729	24.16	-	8.77	10.59	3.73	3.01	1.24	1.27	318.15		
730	24.19	-	8.83	10.64	3.75	3.02	1.24	1.31	311.40		
731	24.23	-	9.43	10.96	3.78	3.21	1.18	1.25	309.32		
732	24.26	D	9.08	10.80	5.99	4.74	1.27	1.17	303.27		
733	24.29	-	9.20	10.88	3.87	3.00	1.29	1.22	301.85		
734	24.33	-	8.44	10.49	3.81	2.79	1.37	1.22	305.47		
735	24.36	-	8.56	10.50	3.75	2.92	1.29	1.26	317.15		
736	24.39	-	8.85	10.65	3.70	3.01	1.23	1.31	326.50		
737	24.43	-	9.27	10.88	3.79	3.12	1.22	1.38	338.16		
738	24.46	-	8.42	10.43	3.75	2.87	1.31	1.33	337.53		
739	24.49	S	8.88	10.69	3.77	2.98	1.25	1.30	341.18		
740	24.53	-	8.51	10.53	3.80	2.78	1.37	1.30	330.48		
741	24.56	-	8.60	10.49	3.70	2.97	1.25	1.24	322.71		
742	24.59	-	8.86	10.65	3.74	3.03	1.23	1.33	319.18		
743	24.62	-	9.69	11.11	3.85	3.22	1.20	1.27	314.39		
744	24.66	-	9.67	11.11	3.86	3.15	1.22	1.21	310.07		
745	24.69	D	9.57	11.05	5.99	4.92	1.22	1.26	306.92		
746	24.72	-	8.58	10.55	3.78	2.84	1.33	1.20	304.97		
747	24.76	-	8.77	10.65	3.82	2.91	1.31	1.29	316.93		
748	24.79	-	8.79	10.59	3.66	3.01	1.21	1.28	326.87		
749	24.82	-	10.07	11.32	3.81	3.38	1.13	1.41	337.17		
750	24.86	-	9.88	11.20	3.77	3.35	1.13	1.32	345.92		
751	24.89	S	8.81	10.63	3.73	3.04	1.23	1.37	341.46		
752	24.92	-	8.44	10.44	3.70	2.87	1.29	1.31	335.01		
753	24.96	-	9.38	10.97	3.86	3.07	1.26	1.37	327.53		
754	24.99	-	9.62	11.07	3.82	3.21	1.19	1.36	325.22		
755	25.02	-	10.22	11.39	3.92	3.36	1.17	1.35	318.97		
756	25.06	-	10.54	11.54	3.90	3.48	1.12	1.28	316.73		
757	25.09	D	9.96	11.24	6.04	5.13	1.18	1.29	309.13		
758	25.12	-	8.77	10.67	3.84	2.89	1.33	1.26	307.19		
759	25.16	-	8.92	10.72	3.83	2.97	1.29	1.30	317.67		
760	25.19	-	9.78	11.14	3.80	3.28	1.16	1.32	328.41		
761	25.22	-	9.60	11.05	3.74	3.28	1.14	1.38	336.25		
762	25.26	-	9.22	10.83	3.74	3.18	1.18	1.34	344.25		
763	25.29	S	9.15	10.83	3.77	3.11	1.21	1.39	347.20		
764	25.32	-	8.91	10.70	3.76	3.02	1.24	1.34	344.91		
765	25.35	-	8.38	10.41	3.74	2.85	1.31	1.28	325.61		
766	25.39	-	8.54	10.45	3.66	2.98	1.23	1.30	325.03		
767	25.42	-	9.09	10.74	3.68	3.18	1.16	1.26	318.72		
768	25.45	-	10.02	11.24	3.73	3.42	1.09	1.26	321.09		
769	25.49	-	9.92	11.23	3.87	3.29	1.17	1.32	311.07		
770	25.52	D	8.77	10.60	5.83	4.64	1.26	1.23	307.96		
771	25.55	-	8.75	10.61	3.78	2.95	1.28	1.23	315.38		
772	25.59	-	9.50	11.00	3.73	3.26	1.14	1.34	330.49		
773	25.62	-	9.40	10.96	3.69	3.31	1.11	1.42	334.81		
774	25.65	-	8.91	10.66	3.68	3.11	1.18	1.34	346.00		
775	25.69	S	8.79	10.59	3.64	3.09	1.18	1.33	349.58		
776	25.72	-	8.52	10.46	3.67	2.99	1.23	1.35	346.40		
777	25.75	-	8.62	10.48	3.65	3.05	1.20	1.23	331.12		
778	25.79	-	8.61	10.49	3.68	2.98	1.23	1.31	325.83		
779	25.82	-	8.53	10.43	3.63	3.01	1.21	1.34	318.11		
780	25.85	-	9.99	11.24	3.79	3.39	1.12	1.28	317.88		
781	25.89	-	9.34	10.89	3.77	3.19	1.18	1.21	309.66		
782	25.92	-	8.95	10.73	3.81	2.98	1.28	1.21	308.11		
783	25.95	D	8.52	10.48	5.84	4.54	1.29	1.27	312.97		
784	25.98	-	8.07	10.22	3.67	2.78	1.32	1.26	319.95		
785	26.02	-	8.46	10.36	3.53	3.10	1.14	1.30	336.03		
786	26.05	-	9.20	10.81	3.66	3.17	1.16	1.30	348.42		
787	26.08	-	8.79	10.59	3.67	3.05	1.20	1.34	357.37		
788	26.12	S	8.78	10.61	3.70	2.99	1.24	1.31	357.28		
789	26.15	-	7.57	9.87	3.51	2.80	1.25	1.21	343.21		
790	26.18	-	8.54	10.51	3.76	2.85	1.32	1.32	323.41		
791	26.22	-	8.23	10.31	3.72	2.84	1.31	1.30	315.76		
792	26.25	-	9.18	10.82	3.78	3.14	1.20	1.38	309.50		
793	26.28	D	9.26	10.87	5.91	4.84	1.19	1.29	308.42		
794	26.32	-	8.79	10.62	3.72	3.04	1.22	1.34	307.21		
795	26.35	-	8.67	10.61	3.78	2.92	1.29	1.33	311.91		
796	26.38	-	6.70	9.32	3.36	2.55	1.32	1.17	327.77		
797	26.42	-	9.13	10.77	3.66	3.16	1.16	1.22	348.05		
798	26.45	-	9.25	10.87	3.80	3.12	1.22	1.21	357.72		
799	26.48	-	9.15	10.75	3.58	3.25	1.10	1.23	6.53		
800	26.52	S	7.83	9.98	3.46	2.89	1.20	1.17	14.38		
801	26.55	-	8.51	10.39	3.55	3.04	1.17	1.26	12.42		
802	26.58	-	6.26	9.15	3.41	2.25	1.51	1.17	320.24		
803	26.61	-	8.00	10.21	3.70	2.74	1.35	1.31	312.71		
804	26.65	-	8.50	10.43	3.66	3.03	1.21	1.34	308.20		
805	26.68	D	8.93	10.68	5.84	4.83	1.21	1.32	307.17		
806	26.71	-	8.26	10.31	3.69	2.91	1.27	1.32	309.07		
807	26.75	-	7.93	10.17	3.68	2.71	1.36	1.30	315.54		
808	26.78	-	7.80	10.06	3.61	2.70	1.34	1.23	324.12		
809	26.81	-	8.88	10.63	3.60	3.13	1.15	1.16	346.94		
810	26.85	-	9.52	11.02	3.78	3.17	1.19	1.22	355.97		
811	26.88	S	8.95	10.63	3.53	3.21	1.10	1.26	5.11		
812	26.91	-	8.17	10.17	3.43	3.08	1.11	1.21	12.91		
813	26.95	-	8.56	10.41	3.51	3.10	1.13	1.26	15.35		
814	26.98	-	7.24	9.74	3.54	2.57	1.38	1.26	336.55		
815	27.01	-	8.32	10.36	3.73	2.87	1.30	1.30	315.69		
816	27.05	-	9.03	10.75	3.76	3.06	1.23	1.37	312.95		
817	27.08	-	9.13	10.77	3.71	3.18	1.16	1.34	313.98		
818	27.11	D	8.47	10.39	5.67	4.66	1.22	1.28	310.54		
819	27.15	-	8.94	10.70	3.77	3.06	1.23	1.35	315.60		
820	27.18	-	7.66	10.03	3.67	2.60	1.41	1.24	323.70		
821	27.21	-	7.80	9.96	3.41	2.92	1.17	1.16	339.80		
822	27.25	-	9.35	10.88	3.66	3.24	1.13	1.23	354.52		
823	27.28	-	9.29	10.86	3.66	3.20	1.14	1.34	4.56		
824	27.31	S	7.91	10.03	3.40	2.93	1.16	1.22	5.70		
825	27.34	-	9.13	10.76	3.65	3.16	1.15	1.31	8.69		
826	27.38	-	7.84	10.03	3.49	2.85	1.23	1.26	351.02		
827	27.41	-	8.58	10.52	3.75	2.88	1.30	1.29	323.29		
828	27.44	-	8.82	10.61	3.67	3.07	1.19	1.28	317.68		
829	27.48	D	9.33	10.92	5.94	4.90	1.21	1.37	314.89		
830	27.51	-	9.39	10.91	3.70	3.25	1.14	1.25	315.96		
831	27.54	-	9.33	10.89	3.73	3.20	1.17	1.30	314.90		
832	27.58	-	9.41	10.96	3.78	3.16	1.19	1.30	320.12		
833	27.61	-	8.59	10.45	3.58	3.08	1.16	1.29	335.99		
834	27.64	-	8.73	10.52	3.54	3.12	1.14	1.23	350.34		
835	27.68	-	9.13	10.78	3.70	3.14	1.18	1.28	359.66		
836	27.71	-	8.50	10.43	3.66	2.94	1.25	1.27	2.67		
837	27.74	S	8.71	10.54	3.61	3.04	1.21	1.29	3.15		
838	27.78	-	7.57	9.86	3.47	2.84	1.22	1.22	345.20		
839	27.81	-	8.66	10.57	3.74	2.89	1.29	1.28	325.12		
840	27.84	-	9.29	10.88	3.79	3.14	1.21	1.31	321.97		
841	27.88	-	9.33	10.92	3.83	3.12	1.23	1.34	319.31		
842	27.91	D	9.63	11.05	5.90	5.10	1.16	1.25	318.98		
843	27.94	-	9.14	10.76	3.68	3.19	1.15	1.24	316.26		
844	27.98	-	9.48	10.98	3.80	3.22	1.18	1.28	319.62		
845	28.01	-	9.52	11.01	3.71	3.25	1.14	1.35	332.48		
846	28.04	-	8.78	10.56	3.59	3.17	1.13	1.26	341.69		
847	28.07	-	8.86	10.59	3.55	3.15	1.12	1.27	0.07		
848	28.11	-	8.47	10.42	3.65	2.96	1.23	1.29	2.66		
849	28.14	S	8.52	10.41	3.55	3.05	1.16	1.28	2.32		
850	28.17	-	7.92	10.06	3.46	2.92	1.19	1.32	355.95		
851	28.21	-	8.63	10.51	3.65	3.03	1.21	1.31	334.39		
852	28.24	-	8.96	10.72	3.76	3.02	1.24	1.31	323.60		
853	28.27	-	9.25	10.87	3.79	3.13	1.21	1.35	321.26		
854	28.31	-	9.72	11.13	3.84	3.20	1.20	1.34	321.32		
855	28.34	D	9.42	10.94	5.88	5.02	1.17	1.31	320.19		
856	28.37	-	9.26	10.87	3.77	3.10	1.21	1.30	320.95		
857	28.41	-	9.29	10.90	3.78	3.13	1.21	1.34	330.81		
858	28.44	-	8.49	10.38	3.55	3.06	1.16	1.26	339.77		
859	28.47	-	8.79	10.54	3.54	3.15	1.12	1.26	357.67		
860	28.51	-	8.97	10.68	3.66	3.11	1.17	1.31	2.71		
861	28.54	S	8.15	10.17	3.44	2.98	1.17	1.21	4.19		
862	28.57	-	8.58	10.46	3.59	3.06	1.17	1.32	357.68		
863	28.61	-	8.49	10.43	3.63	2.96	1.23	1.30	336.59		
864	28.64	-	9.44	11.00	3.83	3.09	1.24	1.33	326.04		
865	28.67	-	9.31	10.95	3.92	3.04	1.29	1.37	320.69		
866	28.71	D	9.23	10.87	5.95	4.83	1.23	1.30	321.87		
867	28.74	-	9.00	10.70	3.69	3.13	1.18	1.28	319.30		
868	28.77	-	9.25	10.85	3.72	3.18	1.17	1.32	321.76		
869	28.80	-	9.22	10.84	3.73	3.18	1.18	1.31	331.94		
870	28.84	-	8.00	10.09	3.47	2.91	1.19	1.26	337.47		
871	28.87	-	8.95	10.64	3.55	3.16	1.12	1.23	357.86		
872	28.90	-	9.50	11.00	3.75	3.16	1.19	1.30	4.19		
873	28.94	S	8.37	10.33	3.58	2.99	1.20	1.25	4.40		
874	28.97	-	9.53	11.01	3.77	3.21	1.17	1.33	2.94		
875	29.00	-	7.83	9.97	3.42	2.93	1.17	1.21	343.58		
876	29.04	-	9.79	11.18	3.86	3.21	1.20	1.32	334.64		
877	29.07	-	9.25	10.86	3.75	3.15	1.19	1.35	327.99		
878	29.10	-	9.30	10.88	3.75	3.19	1.17	1.32	322.61		
879	29.14	D	9.92	11.21	5.90	5.24	1.13	1.35	324.69		
880	29.17	-	9.35	10.89	3.71	3.23	1.15	1.30	322.29		
881	29.20	-	9.01	10.72	3.67	3.17	1.16	1.32	330.03		
882	29.24	-	8.55	10.44	3.54	3.00	1.18	1.24	338.41		
883	29.27	-	9.23	10.81	3.62	3.23	1.12	1.27	356.03		
884	29.30	-	9.26	10.83	3.67	3.21	1.15	1.27	5.48		
885	29.34	-	9.12	10.75	3.60	3.22	1.12	1.29	8.95		
886	29.37	S	9.04	10.72	3.66	3.13	1.17	1.28	6.84		
887	29.40	-	8.48	10.42	3.55	3.00	1.18	1.32	351.87		
888	29.43	-	9.27	10.89	3.79	3.11	1.22	1.31	333.34		
889	29.47	-	9.57	11.06	3.85	3.16	1.22	1.30	330.35		
890	29.50	-	9.39	10.93	3.77	3.20	1.18	1.33	327.83		
891	29.53	D	9.63	11.04	5.84	5.21	1.12	1.30	326.01		
892	29.57	-	9.28	10.87	3.72	3.22	1.15	1.30	326.50		
893	29.60	-	9.11	10.79	3.72	3.14	1.18	1.33	333.08		
894	29.63	-	8.49	10.44	3.65	3.05	1.19	1.33	341.29		
895	29.67	-	9.54	10.99	3.71	3.32	1.12	1.30	359.92		
896	29.70	-	9.36	10.87	3.61	3.31	1.09	1.32	26.86		
897	29.73	-	8.18	10.21	3.53	2.93	1.20	1.26	29.77		
898	29.77	S	8.12	10.16	3.50	3.07	1.18	1.25	35.95		
899	29.80	-	8.23	10.28	3.60	2.94	1.23	1.30	28.15		
900	29.83	-	7.92	10.08	3.51	2.87	1.23	1.21	349.27		
901	29.87	-	8.11	10.15	3.43	3.08	1.11	1.18	334.85		
902	29.90	-	8.54	10.43	3.58	3.07	1.17	1.31	328.46		
903	29.93	D	8.47	10.36	5.50	4.84	1.19	1.32	326.47		
904	29.97	-	8.42	10.39	3.62	2.96	1.22	1.28	324.63		
905	30.00	-	8.70	10.56	3.68	3.01	1.22	1.28	332.00		
906	30.03	-	8.24	10.25	3.49	2.95	1.18	1.20	357.60		
907	30.07	-	9.91	11.25	3.79	3.38	1.12	1.28	34.76		
908	30.10	-	7.97	10.27	3.83	2.68	1.43	1.31	49.56		
909	30.13	S	8.35	10.38	3.75	2.89	1.28	1.28	47.48		
910	30.16	-	7.78	10.02	3.58	2.81	1.28	1.20	48.46		
911	30.20	-	8.17	10.23	3.61	2.89	1.25	1.23	53.89		
912	30.23	-	7.04	9.65	3.55	2.45	1.44	1.18	27.79		
913	30.26	-	8.69	10.52	3.61	3.07	1.18	1.27	349.94		
914	30.30	-	9.08	10.73	3.61	3.22	1.12	1.32	332.93		
915	30.33	-	8.58	10.44	3.51	3.17	1.11	1.20	328.50		
916	30.36	D	9.12	10.78	5.78	4.97	1.16	1.33	331.68		
917	30.40	-	6.99	9.51	3.34	2.77	1.21	1.18	341.32		
918	30.43	-	11.64	12.54	4.46	3.45	1.29	1.50	30.39		
919	30.46	-	8.75	10.60	3.73	2.99	1.25	1.33	46.57		
920	30.50	-	7.76	10.11	3.75	2.64	1.42	1.32	52.80		
921	30.53	S	8.08	10.27	3.73	2.71	1.36	1.34	49.53		
922	30.56	-	7.72	10.10	3.73	2.62	1.42	1.29	52.31		
923	30.60	-	8.54	10.56	3.84	2.80	1.37	1.37	56.42		
924	30.63	-	6.96	9.54	3.48	2.55	1.37	1.27	47.96		
925	30.66	-	8.40	10.35	3.55	2.98	1.19	1.25	0.58		
926	30.70	-	9.25	10.84	3.61	3.28	1.10	1.30	337.27		
927	30.73	-	8.93	10.65	3.64	3.14	1.16	1.28	332.66		
928	30.76	D	9.38	10.91	3.65	3.26	1.12	1.31	331.50		
929	30.80	-	8.46	10.37	3.54	3.03	1.17	1.28	335.00		
930	30.83	-	8.69	10.52	3.62	3.06	1.18	1.25	0.15		
931	30.86	-	10.47	11.56	3.79	3.56	1.07	1.33	33.37		
932	30.89	-	8.50	10.49	3.77	2.86	1.32	1.39	51.34		
933	30.93	S	8.61	10.56	5.98	4.55	1.33	1.37	51.69		
934	30.96	-	8.84	10.69	3.81	2.94	1.29	1.40	51.23		
935	30.99	-	9.23	10.89	3.86	3.02	1.28	1.41	54.59		
936	31.03	-	8.29	10.35	3.71	2.82	1.31	1.41	49.87		
937	31.06	-	8.87	10.66	3.68	3.03	1.21	1.29	4.10		
938	31.09	-	9.14	10.80	3.68	3.15	1.17	1.35	346.95		
939	31.13	-	9.43	10.98	3.74	3.26	1.15	1.35	341.63		
940	31.16	D	9.26	10.86	3.70	3.21	1.15	1.33	337.51		
941	31.19	-	9.52	11.03	3.69	3.33	1.11	1.39	339.93		
942	31.23	-	8.36	10.39	3.63	2.98	1.22	1.34	344.90		
943	31.26	-	11.27	12.04	4.06	3.63	1.12	1.41	24.03		
944	31.29	-	10.67	11.65	3.98	3.46	1.15	1.44	44.23		
945	31.33	-	9.46	11.10	4.01	2.97	1.35	1.49	54.00		
946	31.36	S	8.91	10.71	5.97	4.66	1.29	1.41	51.75		
947	31.39	-	9.63	11.16	4.05	3.05	1.33	1.47	53.52		
948	31.43	-	8.32	10.34	3.64	2.89	1.26	1.37	44.48		
949	31.46	-	9.24	10.88	3.76	3.14	1.20	1.36	3.23		
950	31.49	-	9.10	10.83	3.78	3.03	1.25	1.44	351.44		
951	31.53	-	8.83	10.62	3.68	3.09	1.19	1.32	345.46		
952	31.56	D	9.05	10.73	3.60	3.28	1.19	1.38	340.93		
953	31.59	-	9.97	11.26	3.77	3.47	1.09	1.35	345.86		
954	31.63	-	9.16	10.95	3.74	3.26	1.15	1.41	347.03		
955	31.66	-	9.65	11.06	3.72	3.36	1.11	1.37	2.19		
956	31.69	-	10.82	11.80	4.04	3.46	1.17	1.41	38.95		
957	31.72	-	9.59	11.11	3.89	3.10	1.25	1.38	49.80		
958	31.76	S	8.87	10.67	5.81	4.78	1.28	1.36	52.90		
959	31.79	-	9.18	10.89	3.88	3.02	1.29	1.39	51.63		
960	31.82	-	8.55	10.43	3.63	3.03	1.20	1.31	45.31		
961	31.86	-	8.98	10.91	3.99	2.97	1.35	1.36	6.55		
962	31.89	-	9.27	10.90	3.73	3.12	1.19	1.43	354.51		
963	31.92	-	8.93	10.71	3.72	3.06	1.22	1.38	348.26		
964	31.96	D	8.73	10.53	3.57	3.18	1.22	1.35	347.29		
965	31.99	-	9.39	10.93	3.72	3.27	1.14	1.35	343.61		
966	32.02	-	9.12	10.81	3.75	3.20	1.17	1.32	347.35		
967	32.06	-	9.91	11.23	3.77	3.39	1.11	1.35	0.42		
968	32.09	-	11.07	11.86	3.91	3.61	1.08	1.37	35.70		
969	32.12	-	9.71	11.22	4.02	3.05	1.32	1.44	52.24		
970	32.16	S	8.88	10.67	5.94	4.72	1.30	1.41	52.75		
971	32.19	-	9.64	11.23	4.08	2.94	1.39	1.51	53.82		
972	32.22	-	9.15	10.94	3.99	2.87	1.39	1.45	53.47		
973	32.26	-	7.98	10.11	3.46	2.93	1.18	1.28	27.38		
974	32.29	-	9.14	10.80	3.73	3.12	1.20	1.36	355.98		
975	32.32	-	8.79	10.63	3.69	3.10	1.19	1.37	350.43		
976	32.36	D	8.84	10.59	3.59	3.19	1.22	1.37	350.70		
977	32.39	-	8.83	10.66	3.70	3.06	1.21	1.38	344.34		
978	32.42	-	8.82	10.63	3.65	3.15	1.16	1.34	346.78		
979	32.46	-	9.58	11.04	3.70	3.34	1.11	1.37	0.89		
980	32.49	-	10.87	11.76	3.92	3.59	1.09	1.35	37.38		
981	32.52	-	9.47	11.05	3.94	3.05	1.29	1.46	53.58		
982	32.55	S	9.23	10.88	5.96	4.74	1.34	1.46	55.02		
983	32.59	-	9.33	10.99	3.95	3.00	1.32	1.43	52.92		
984	32.62	-	10.04	11.42	4.14	3.05	1.36	1.55	54.27		
985	32.65	-	7.46	9.76	3.43	2.79	1.23	1.25	37.26		
986	32.69	-	8.68	10.52	3.65	3.05	1.20	1.31	2.75		
987	32.72	-	8.81	10.66	3.71	3.04	1.22	1.38	353.91		
988	32.75	D	8.44	10.42	3.67	2.96	1.31	1.32	349.28		
989	32.79	-	8.59	10.52	3.68	3.00	1.23	1.33	351.31		
990	32.82	-	8.36	10.34	3.61	2.97	1.22	1.30	346.09		
991	32.85	-	9.49	10.98	3.59	3.41	1.05	1.33	1.34		
992	32.89	-	11.84	12.32	4.08	3.77	1.08	1.45	35.83		
993	32.92	-	8.75	10.65	3.83	2.87	1.33	1.41	57.06		
994	32.95	S	9.01	10.76	3.85	3.02	1.31	1.46	56.45		
995	32.99	-	9.23	10.88	3.86	3.08	1.25	1.43	52.46		
996	33.02	-	9.36	11.02	3.94	2.94	1.34	1.49	55.53		
997	33.05	-	8.85	10.67	3.78	2.98	1.27	1.40	51.89		
998	33.09	-	8.36	10.34	3.60	2.96	1.22	1.25	16.71		
999	33.12	-	8.76	10.62	3.69	3.01	1.23	1.43	354.88		
1000	33.15	-	8.81	10.63	3.69	3.03	1.22	1.35	354.79		
1001	33.19	D	8.58	10.50	3.64	3.00	1.18	1.35	357.55		
1002	33.22	-	9.60	11.01	3.60	3.40	1.06	1.30	355.94		
1003	33.25	-	9.91	11.21	3.67	3.45	1.06	1.36	359.79		
1004	33.29	-	11.59	12.21	4.13	3.73	1.10	1.42	34.28		
1005	33.32	-	9.25	10.92	3.84	3.01	1.27	1.43	55.21		
1006	33.35	-	8.88	10.68	3.78	2.97	1.27	1.41	58.01		
1007	33.38	S	9.15	10.86	6.05	4.66	1.33	1.45	56.08		
1008	33.42	-	9.07	10.82	3.88	2.97	1.30	1.44	56.15		
1009	33.45	-	9.43	11.10	4.06	2.93	1.39	1.50	56.40		
1010	33.48	-	7.37	9.73	3.44	2.73	1.26	1.20	33.98		
1011	33.52	-	8.56	10.50	3.66	2.96	1.24	1.38	358.86		
1012	33.55	-	8.61	10.56	3.69	2.97	1.24	1.41	356.20		
1013	33.58	-	7.95	10.11	3.57	2.86	1.25	1.30	358.16		
1014	33.62	D	8.38	10.32	3.50	3.02	1.14	1.30	351.80		
1015	33.65	-	9.03	10.70	3.56	3.25	1.10	1.28	6.92		
1016	33.68	-	11.84	12.32	4.14	3.62	1.14	1.50	35.60		
1017	33.72	-	8.55	10.49	3.71	2.87	1.29	1.40	56.88		
1018	33.75	-	8.29	10.44	3.83	2.70	1.42	1.40	59.92		
1019	33.78	-	8.21	10.38	3.79	2.66	1.42	1.38	57.57		
1020	33.82	S	8.27	10.36	5.80	4.32	1.34	1.39	57.29		
1021	33.85	-	8.28	10.35	3.71	2.79	1.33	1.34	57.71		
1022	33.88	-	8.25	10.59	4.03	2.55	1.58	1.52	56.17		
1023	33.92	-	8.49	10.43	3.60	3.02	1.19	1.42	12.58		
1024	33.95	D	8.52	10.47	3.60	3.09	1.17	1.45	0.08		
1025	33.98	-	8.52	10.49	3.62	3.03	1.19	1.33	4.85		
1026	34.02	-	10.25	11.43	3.75	3.51	1.07	1.30	10.29		
1027	34.05	-	10.64	12.38	4.36	3.14	1.39	1.36	25.74		
1028	34.08	-	9.31	10.94	3.68	3.25	1.13	1.29	41.37		
1029	34.11	-	7.42	9.93	3.70	2.50	1.48	1.34	59.05		
1030	34.15	-	6.97	9.69	3.66	2.35	1.56	1.30	59.28		
1031	34.18	S	7.13	9.84	5.84	3.68	1.57	1.34	60.46		
1032	34.21	-	6.85	9.58	3.64	2.37	1.53	1.23	60.08		
1033	34.25	-	6.64	9.43	3.54	2.32	1.52	1.24	60.83		
1034	34.28	-	7.04	9.68	3.64	2.44	1.49	1.25	62.90		
1035	34.31	-	6.77	9.45	3.47	2.43	1.43	1.38	57.21		
1036	34.35	D	8.20	10.24	3.50	3.02	1.16	1.30	7.62		
1037	34.38	-	8.23	10.29	3.58	2.86	1.25	1.25	4.29		
1038	34.41	-	6.75	9.35	3.34	2.56	1.31	1.16	356.95		
1039	34.45	-	8.97	11.07	4.04	2.82	1.43	1.25	39.67		
1040	34.48	-	6.95	9.73	3.70	2.32	1.59	1.36	57.95		
1041	34.51	S	5.91	9.22	5.74	3.11	1.77	1.30	63.05		
1042	34.55	-	6.62	9.70	3.82	2.08	1.84	1.31	62.75		
1043	34.58	-	6.82	9.63	3.72	2.34	1.59	1.18	57.73		
1044	34.61	-	6.33	9.25	3.56	2.27	1.57	1.16	58.16		
1045	34.65	-	7.04	9.69	3.68	2.49	1.48	1.17	58.37		
1046	34.68	-	6.42	9.26	3.47	2.30	1.51	1.15	62.73		
1047	34.71	-	7.46	9.92	3.67	2.56	1.43	1.27	56.93		
1048	34.75	-	6.83	9.47	3.42	2.52	1.36	1.17	46.95		
1049	34.78	D	8.05	10.20	3.60	2.84	1.24	1.31	14.15		
1050	34.81	-	8.48	10.54	3.70	2.96	1.25	1.31	21.71		
1051	34.85	-	11.30	12.71	4.72	3.06	1.54	1.58	33.81		
1052	34.88	-	8.17	10.46	3.84	2.56	1.50	1.38	51.44		
1053	34.91	-	7.05	9.77	3.71	2.35	1.58	1.35	61.27		
1054	34.95	-	7.17	9.87	3.74	2.34	1.60	1.36	62.88		
1055	34.98	S	6.72	9.58	5.71	3.58	1.60	1.31	62.75		
1056	35.01	-	6.51	9.33	3.50	2.34	1.50	1.20	62.38		
1057	35.04	-	6.64	9.39	3.52	2.40	1.47	1.15	63.34		
1058	35.08	-	7.12	9.62	3.48	2.56	1.36	1.24	69.77		
1059	35.11	-	6.81	9.50	3.56	2.42	1.47	1.21	66.28		
1060	35.14	-	6.77	9.49	3.55	2.39	1.49	1.33	61.58		
1061	35.18	-	7.86	10.04	3.47	2.87	1.21	1.21	22.94		
1062	35.21	D	8.57	10.58	3.75	2.88	1.32	1.43	15.54		
1063	35.24	-	7.65	9.93	3.30	2.95	1.12	1.11	22.03		
1064	35.28	-	8.79	10.87	3.98	2.66	1.50	1.38	48.46		
1065	35.31	-	7.75	10.14	3.75	2.58	1.46	1.36	60.58		
1066	35.34	-	7.22	9.92	3.76	2.34	1.61	1.39	62.53		
1067	35.38	S	7.10	9.80	5.78	3.75	1.54	1.38	63.99		
1068	35.41	-	6.93	9.59	3.57	2.42	1.48	1.28	63.59		
1069	35.44	-	7.20	9.79	3.67	2.45	1.50	1.29	65.89		
1070	35.48	-	6.95	9.53	3.48	2.52	1.38	1.30	67.80		
1071	35.51	-	7.43	9.87	3.62	2.58	1.40	1.30	67.00		
1072	35.54	-	6.90	9.53	3.51	2.47	1.42	1.32	64.76		
1073	35.58	-	9.62	11.38	3.98	3.35	1.19	1.34	37.72		
1074	35.61	D	8.28	10.38	3.71	2.83	1.31	1.29	23.00		
1075	35.64	-	8.15	10.30	3.56	2.90	1.22	1.23	24.61		
1076	35.68	-	9.64	11.24	3.97	2.92	1.36	1.41	44.56		
1077	35.71	-	7.79	10.19	3.77	2.54	1.48	1.44	61.19		
1078	35.74	-	7.42	9.90	3.66	2.53	1.45	1.39	63.24		
1079	35.77	-	7.65	10.13	3.80	2.48	1.53	1.41	64.35		
1080	35.81	-	7.53	9.98	3.71	2.54	1.46	1.36	63.52		
1081	35.84	S	7.11	9.77	3.69	2.39	1.54	1.30	63.88		
1082	35.87	-	7.15	9.72	3.60	2.49	1.45	1.34	65.39		
1083	35.91	-	7.22	9.82	3.71	2.45	1.51	1.33	65.18		
1084	35.94	-	7.06	9.68	3.63	2.46	1.47	1.32	62.54		
1085	35.97	-	9.96	11.41	3.92	3.29	1.19	1.45	38.93		
1086	36.01	D	8.06	10.16	3.50	2.93	1.27	1.28	29.65		
1087	36.04	-	7.24	9.69	3.33	2.77	1.20	1.09	27.34		
1088	36.07	-	9.71	11.26	3.93	3.09	1.27	1.43	42.64		
1089	36.11	-	8.01	10.27	3.74	2.66	1.41	1.42	59.21		
1090	36.14	-	7.55	9.99	3.71	2.55	1.45	1.39	66.49		
1091	36.17	-	7.72	10.13	3.77	2.53	1.49	1.38	66.28		
1092	36.21	-	7.63	10.05	3.73	2.55	1.46	1.36	66.81		
1093	36.24	S	7.16	9.73	5.66	3.87	1.46	1.28	64.58		
1094	36.27	-	7.15	9.69	3.56	2.51	1.42	1.27	64.53		
1095	36.31	-	7.35	9.81	3.58	2.58	1.39	1.31	66.42		
1096	36.34	-	7.56	10.02	3.73	2.53	1.48	1.36	63.16		
1097	36.37	-	8.93	10.72	3.71	3.03	1.22	1.37	48.55		
1098	36.41	-	9.00	11.13	4.13	2.80	1.48	1.45	47.11		
1099	36.44	D	8.92	10.66	3.58	3.27	1.22	1.36	41.92		
1100	36.47	-	9.16	11.25	4.11	2.86	1.44	1.42	48.03		
1101	36.50	-	7.73	10.13	3.75	2.54	1.47	1.40	61.49		
1102	36.54	-	7.77	10.13	3.75	2.59	1.45	1.39	64.96		
1103	36.57	-	7.64	10.10	3.79	2.51	1.51	1.38	67.44		
1104	36.60	S	7.16	9.81	5.71	3.81	1.47	1.36	68.36		
1105	36.64	-	6.94	9.57	3.55	2.47	1.44	1.27	68.50		
1106	36.67	-	7.32	9.81	3.64	2.56	1.43	1.29	67.32		
1107	36.70	-	7.39	9.80	3.53	2.63	1.34	1.32	70.97		
1108	36.74	-	7.27	9.76	3.57	2.55	1.40	1.33	67.60		
1109	36.77	-	8.52	10.45	3.66	2.94	1.24	1.36	57.10		
1110	36.80	-	9.46	11.08	3.86	3.05	1.27	1.40	48.71		
1111	36.84	D	9.08	10.77	3.64	3.20	1.36	1.54	48.64		
1112	36.87	-	9.79	11.77	4.24	2.81	1.51	1.46	53.30		
1113	36.90	-	6.73	9.67	3.71	2.17	1.71	1.43	69.26		
1114	36.94	-	6.77	9.66	3.73	2.25	1.66	1.32	71.18		
1115	36.97	S	6.41	9.60	5.87	3.21	1.75	1.34	71.00		
1116	37.00	-	7.59	10.01	3.68	2.59	1.42	1.25	61.03		
1117	37.04	-	7.63	10.05	3.75	2.58	1.46	0.97	53.11		
1118	37.07	-	7.58	9.96	3.67	2.65	1.38	0.97	50.64		
1119	37.10	-	7.62	9.90	3.51	2.76	1.27	0.88	59.78		
1120	37.14	-	6.67	9.32	3.38	2.51	1.35	1.26	70.57		
1121	37.17	-	6.46	9.25	3.39	2.37	1.43	1.28	71.69		
1122	37.20	D	8.01	10.15	3.53	2.85	1.41	1.33	59.73		
1123	37.23	-	9.30	10.99	3.69	3.16	1.17	1.45	47.57		
1124	37.27	-	7.43	9.88	3.45	2.67	1.29	1.33	54.59		
1125	37.30	-	5.24	8.82	3.55	1.75	2.03	1.22	75.34		
1126	37.33	-	6.28	9.60	3.92	2.02	1.94	1.23	75.63		
1127	37.37	-	6.96	9.74	3.74	2.37	1.58	1.03	64.34		
1128	37.40	-	9.34	12.84	5.51	2.04	2.71	0.29	322.10		
1129	37.43	S	8.23	12.12	8.14	2.89	2.79	0.59	287.97	1.40	
1130	37.47	-	7.98	11.44	4.65	2.04	2.28	0.58	288.97		
1131	37.50	-	8.19	11.84	4.89	1.86	2.63	0.71	276.09		
1132	37.53	-	6.65	9.59	3.68	2.36	1.56	0.45	50.38		
1133	37.57	-	6.44	9.26	3.45	2.34	1.47	1.26	68.14		
1134	37.60	-	6.55	9.48	3.64	2.21	1.65	1.24	62.10		
1135	37.63	D	7.33	9.73	3.45	2.71	1.48	1.25	56.70		
1136	37.67	-	7.45	10.05	3.72	2.41	1.54	1.23	54.41		
1137	37.70	-	6.27	9.86	3.97	1.79	2.21	1.04	71.37		
1138	37.73	-	6.85	9.71	3.72	2.28	1.63	1.08	63.80		
1139	37.77	-	7.10	10.20	4.09	2.16	1.89	0.96	67.47		
1140	37.80	-	9.74	12.88	5.27	2.03	2.60	0.46	291.93		
1141	37.83	-	8.28	11.67	4.72	1.95	2.42	0.63	286.10		
1142	37.86	S	8.16	12.18	7.99	2.79	2.44	0.79	281.26	1.38	
1143	37.90	-	8.89	12.25	5.03	1.99	2.53	0.73	283.97		
1144	37.93	-	6.96	11.70	4.88	1.91	2.56	0.35	329.55		
1145	37.96	-	6.94	9.46	3.37	2.60	1.30	1.22	67.55		
1146	38.00	-	6.20	9.34	3.61	2.05	1.76	1.33	75.59		
1147	38.03	-	6.15	9.23	3.51	2.09	1.68	1.32	72.74		
1148	38.06	-	6.08	9.46	3.66	1.84	1.99	1.38	72.08		
1149	38.10	D	6.84	9.76	3.77	2.26	2.22	1.36	78.04		
1150	38.13	-	6.30	9.65	3.92	1.98	1.98	1.31	75.89		
1151	38.16	-	6.86	9.62	3.60	2.34	1.54	1.16	65.51		
1152	38.20	-	8.56	11.23	4.31	2.40	1.80	0.69	52.62		
1153	38.23	-	8.38	11.59	4.65	2.30	2.03	0.44	3.85		
1154	38.26	-	8.04	11.14	4.43	2.32	1.91	0.49	333.48		
1155	38.30	S	8.15	11.83	4.79	1.98	1.97	0.51	347.76	1.47	
1156	38.33	-	8.39	12.11	4.88	2.30	2.12	0.43	13.99		
1157	38.36	-	6.82	9.37	3.33	2.60	1.28	1.16	67.01		
1158	38.40	-	6.29	9.32	3.54	2.13	1.66	1.39	78.60		
1159	38.43	-	6.03	9.27	3.58	2.06	1.74	1.39	76.98		
1160	38.46	D	6.20	9.29	3.62	2.16	2.09	1.29	78.44		
1161	38.50	-	4.97	8.83	3.60	1.59	2.27	1.42	83.51		
1162	38.53	-	5.80	9.71	3.97	1.62	2.45	1.35	82.49		
1163	38.56	-	6.78	9.68	3.67	2.19	1.67	1.29	73.79		
1164	38.59	-	6.76	9.46	3.51	2.42	1.45	1.20	65.17		
1165	38.63	-	8.74	11.52	4.49	2.50	1.80	0.66	39.63		
1166	38.66	-	8.72	11.83	4.63	2.40	1.93	0.58	17.67		
1167	38.69	S	7.97	11.60	7.35	3.32	1.75	0.69	37.13	1.44	
1168	38.73	-	7.69	11.26	4.52	2.33	1.94	0.56	35.85		
1169	38.76	-	7.55	9.82	3.45	2.80	1.23	1.06	60.81		
1170	38.79	-	7.01	9.76	3.66	2.33	1.57	1.45	74.50		
1171	38.83	-	6.00	9.28	3.62	1.95	1.86	1.43	80.44		
1172	38.86	-	5.80	8.96	3.44	2.08	1.65	1.27	77.05		
1173	38.89	D	6.45	9.49	3.75	2.22	2.17	1.48	82.54		
1174	38.93	-	5.48	9.47	3.84	1.56	2.47	1.40	85.70		
1175	38.96	-	7.14	10.00	3.93	2.32	1.69	1.34	73.94		
1176	38.99	-	6.93	9.63	3.53	2.48	1.42	1.25	67.89		
1177	39.03	-	8.16	10.44	3.89	2.69	1.45	1.03	60.38		
1178	39.06	-	8.49	10.77	4.09	2.60	1.57	0.74	41.90		
1179	39.09	S	8.04	10.25	5.82	4.23	1.42	0.77	41.99	1.32	
1180	39.13	-	8.76	10.89	4.10	2.65	1.55	0.75	43.18		
1181	39.16	-	8.05	10.16	3.59	2.85	1.26	0.90	51.22		
1182	39.19	-	7.27	9.83	3.60	2.53	1.42	1.44	73.60		
1183	39.22	-	5.95	9.16	3.57	2.02	1.76	1.52	83.87		
1184	39.26	-	6.37	9.41	3.60	2.11	1.70	1.41	82.17		
1185	39.29	D	6.15	9.44	3.81	2.01	2.29	1.40	88.08		
1186	39.32	-	4.77	8.73	3.55	1.46	2.43	1.35	90.21		
1187	39.36	-	6.83	9.77	3.74	2.25	1.66	1.38	76.90		
1188	39.39	-	7.89	10.39	3.87	2.54	1.52	1.18	68.38		
1189	39.42	-	8.23	10.59	4.04	2.60	1.55	1.00	61.12		
1190	39.46	-	8.98	11.30	4.46	2.55	1.75	0.72	41.89		
1191	39.49	S	8.10	11.15	7.04	3.51	1.84	0.60	17.23	1.45	
1192	39.52	-	7.15	9.74	3.66	2.48	1.48	0.78	47.35		
1193	39.56	-	8.15	11.06	4.36	2.43	1.79	0.61	38.80		
1194	39.59	-	6.33	9.06	3.26	2.50	1.31	1.30	72.79		
1195	39.62	-	6.01	9.25	3.60	2.07	1.73	1.49	84.11		
1196	39.66	-	5.23	8.83	3.53	1.74	2.03	1.35	90.24		
1197	39.69	D	6.11	9.30	3.72	2.10	2.12	1.29	92.18		
1198	39.72	-	4.71	8.73	3.58	1.43	2.51	1.22	92.21		
1199	39.75	-	6.99	10.17	4.08	2.16	1.89	1.30	80.21		
1200	39.79	-	7.66	10.21	3.90	2.46	1.54	1.13	68.61		
1201	39.82	-	8.59	10.88	4.18	2.48	1.63	0.89	61.70		
1202	39.85	-	10.71	13.00	5.35	2.42	1.93	0.59	27.88		
1203	39.89	-	9.09	12.00	4.84	2.20	2.06	0.55	351.11		
1204	39.92	S	8.54	11.69	4.66	2.04	2.13	0.58	352.50	1.40	
1205	39.95	-	8.89	11.64	4.59	2.30	2.02	0.44	11.52		
1206	39.99	-	9.67	11.22	4.01	3.03	1.25	1.11	67.36		
1207	40.02	-	5.58	9.39	3.89	1.79	1.64	1.44	85.56		
1208	40.05	-	5.38	9.13	3.71	1.67	1.99	1.29	94.61		
1209	40.09	-	4.97	9.31	3.85	1.40	2.19	1.21	99.16		
1210	40.12	D	4.65	9.06	3.80	1.37	2.55	1.24	99.62		
1211	40.15	-	6.27	9.28	3.50	2.13	1.61	1.19	80.94		
1212	40.19	-	7.16	9.81	3.65	2.42	1.59	1.16	77.27		
1213	40.22	-	7.71	10.33	3.98	2.38	2.04	0.49	37.37		
1214	40.25	-	8.81	12.36	5.06	1.83	2.46	0.56	312.98		
1215	40.29	-	9.39	12.71	5.34	1.98	2.69	0.73	301.07		
1216	40.32	S	8.50	12.00	7.90	3.06	2.55	0.71	304.48	1.30	
1217	40.35	-	8.28	11.76	4.79	1.91	2.50	0.80	294.86		
1218	40.39	-	4.93	8.19	3.07	2.14	1.43	0.32	46.02		
1219	40.42	-	8.89	10.77	3.77	3.09	1.22	1.14	65.06		
1220	40.45	-	5.28	8.96	3.64	1.69	2.15	1.20	96.69		
1221	40.48	D	4.86	8.74	3.63	1.61	2.34	1.11	103.30		
1222	40.52	-	4.88	8.83	3.69	1.55	2.37	1.13	98.51		
1223	40.55	-	5.55	9.05	3.55	1.91	1.86	1.16	84.15		
1224	40.58	-	8.44	11.80	4.84	2.03	2.39	0.29	22.10		
1225	40.62	-	9.50	13.31	5.86	1.88	3.13	0.53	283.68		
1226	40.65	-	9.60	13.27	5.63	1.94	2.90	0.82	285.68		
1227	40.68	S	6.64	12.22	8.59	2.17	3.40	0.96	273.28	1.10	
1228	40.72	-	6.65	11.78	5.04	1.49	3.37	0.72	273.88		
1229	40.75	-	6.90	12.25	5.44	1.41	3.87	0.87	267.76		
1230	40.78	-	5.48	9.83	4.19	1.68	2.49	0.35	291.16		
1231	40.82	-	4.65	7.77	2.82	2.13	1.32	0.60	71.04		
1232	40.85	-	6.04	9.32	3.76	2.09	1.80	0.93	89.14		
1233	40.88	D	4.44	8.39	3.47	1.51	2.14	1.09	98.11		
1234	40.92	-	5.31	8.91	3.56	1.75	2.03	0.88	94.91		
1235	40.95	-	5.26	9.22	3.84	1.73	2.22	0.72	83.84		
1236	40.98	-	9.38	13.15	5.72	1.85	3.10	0.64	265.65		
1237	41.02	-	9.23	13.16	5.76	1.89	3.04	0.80	266.11		
1238	41.05	-	9.03	13.09	5.53	1.79	3.10	0.96	265.18		
1240	41.11	-	6.64	11.44	4.83	1.51	3.20	0.78	264.15		
1241	41.15	-	12.02	15.74	6.09	2.17	2.81	1.10	344.35		
1242	41.18	-	5.97	10.13	4.40	1.88	2.34	0.48	283.85		
1243	41.21	-	5.21	8.72	3.42	2.04	1.68	0.11	308.17		
1244	41.25	-	6.37	9.18	3.36	2.43	1.38	0.56	59.23		
1245	41.28	D	5.16	9.00	3.76	1.65	2.08	0.78	95.77		
1246	41.31	-	4.84	8.26	3.22	1.85	1.74	0.57	98.29		
1247	41.35	-	6.69	9.59	3.63	2.24	1.62	0.81	66.95		
1248	41.38	-	10.19	12.84	5.22	2.20	2.37	0.54	277.49		
1249	41.41	-	9.16	12.82	5.57	1.90	2.94	0.51	271.74		
1250	41.45	-	9.31	13.05	5.56	1.92	2.89	0.97	273.30		
1251	41.48	S	6.80	12.19	8.65	2.26	3.35	0.80	271.18	1.02	
1252	41.51	-	7.43	12.27	5.40	1.62	3.33	0.78	269.18		
1253	41.55	-	7.58	12.48	5.36	1.59	3.38	0.68	271.82		
1254	41.58	-	6.72	11.63	5.06	1.49	3.40	0.76	268.65		
1255	41.61	-	4.60	7.78	2.85	2.10	1.36	0.16	334.38		
1256	41.65	-	4.88	7.89	2.72	2.34	1.17	0.56	64.21		
1257	41.68	D	7.47	9.75	3.37	2.80	1.26	0.89	56.39		
1258	41.71	-	7.83	10.00	3.34	3.07	1.09	0.95	67.11		
1259	41.75	-	6.40	9.03	3.12	2.62	1.19	0.99	67.86		
1260	41.78	-	7.62	11.21	4.64	2.09	2.22	0.11	10.31		
1261	41.81	-	10.29	13.31	5.58	2.19	2.55	0.56	274.26		
1262	41.85	-	10.13	13.43	5.59	2.04	2.74	0.74	279.33		
1263	41.88	S	7.30	12.61	8.93	2.38	3.12	0.77	274.89	1.05	
1264	41.91	-	8.01	12.65	5.46	1.78	3.07	0.70	275.49		
1265	41.94	-	7.85	12.63	5.59	1.73	3.24	0.65	274.72		
1266	41.98	-	7.60	12.08	5.22	1.70	3.07	0.87	267.07		
1267	42.01	-	5.20	9.23	3.85	1.82	2.11	0.32	294.87		
1268	42.04	-	4.39	7.53	2.70	2.12	1.27	0.41	55.15		
1269	42.08	D	7.84	10.06	3.59	2.77	1.31	0.95	64.14		
1270	42.11	-	7.78	10.28	3.72	2.69	1.38	1.23	77.69		
1271	42.14	-	5.86	8.67	3.02	2.45	1.23	0.91	82.76		
1272	42.18	-	6.12	9.40	3.57	2.04	1.75	0.67	82.12		
1273	42.21	-	9.44	12.48	5.18	2.09	2.48	0.46	283.73		
1274	42.24	-	10.18	13.05	5.58	2.17	2.57	0.71	282.72		
1275	42.28	-	9.58	13.31	5.69	1.93	2.94	0.72	279.84		
1276	42.31	S	6.97	12.42	8.78	2.20	2.99	0.57	278.58	1.08	
1277	42.34	-	7.32	11.75	5.06	1.76	2.88	0.62	276.93		
1278	42.38	-	7.45	11.93	5.15	1.72	3.00	0.70	273.64		
1279	42.41	-	6.02	9.50	3.68	2.08	1.77	0.45	284.19		
1280	42.44	-	4.84	7.99	2.90	2.09	1.39	0.41	38.86		
1281	42.48	D	8.74	10.59	3.75	3.05	1.23	0.95	49.68		
1282	42.51	-	8.59	10.65	3.59	3.16	1.14	1.13	75.15		
1283	42.54	-	7.59	10.02	3.28	2.90	1.13	0.95	75.55		
1284	42.58	-	6.33	10.02	3.79	2.37	1.60	0.45	71.37		
1285	42.61	-	9.75	12.62	5.18	2.12	2.45	0.62	281.90		
1286	42.64	-	10.39	13.20	5.66	2.36	2.41	0.65	280.41		
1287	42.67	-	9.61	13.21	5.58	1.98	2.82	0.68	283.86		
1288	42.71	S	7.06	12.26	8.60	2.35	3.10	0.66	276.65	1.11	
1289	42.74	-	8.00	12.67	5.46	1.88	2.91	0.52	280.57		
1290	42.77	-	7.62	12.11	5.25	1.75	3.01	0.69	270.46		
1291	42.81	-	6.87	10.97	4.49	1.89	2.38	0.55	271.92		
1292	42.84	-	3.88	7.05	2.44	2.03	1.20	0.17	37.52		
1293	42.87	-	7.91	10.29	3.89	2.57	1.51	0.87	58.19		
1294	42.91	D	7.21	9.71	3.30	2.85	1.16	0.89	60.34		
1295	42.94	-	6.61	9.17	3.06	2.76	1.11	0.91	69.54		
1296	42.97	-	6.75	9.59	3.29	2.78	1.18	0.61	68.11		
1297	43.01	-	7.37	10.28	3.95	2.25	1.75	0.76	281.82		
1298	43.04	-	9.95	13.33	5.71	2.07	2.76	0.47	273.78		
1299	43.07	-	9.50	12.96	5.38	1.99	2.71	0.66	281.18		
1300	43.11	S	7.10	12.29	8.70	2.49	3.02	0.51	280.40	1.04	
1301	43.14	-	7.65	12.46	5.33	1.70	3.13	0.43	277.35		
1302	43.17	-	7.49	12.23	5.26	1.75	3.01	0.50	268.06		
1303	43.21	-	6.80	11.98	5.18	1.49	3.47	0.52	268.89		
1304	43.24	-	4.79	7.87	2.85	2.17	1.31	0.06	229.18		
1305	43.27	-	5.63	8.53	2.91	2.57	1.13	0.42	39.22		
1306	43.30	D	6.11	8.99	3.36	2.36	1.44	0.80	59.76		
1307	43.34	-	6.61	9.39	3.16	2.52	1.25	0.81	63.67		
1308	43.37	-	9.03	11.82	4.29	2.75	1.56	0.53	23.26		
1309	43.40	-	9.74	12.75	5.46	2.17	2.51	0.30	249.58		
1310	43.44	-	8.49	12.02	5.10	2.11	2.42	0.24	218.81		
1311	43.47	-	8.55	12.73	5.56	1.81	3.06	0.37	263.21		
1312	43.50	-	12.90	16.63	6.39	1.89	3.38	0.96	8.21		
1313	43.54	S	6.10	11.86	8.44	2.29	2.98	0.39	280.29	1.30	
1314	43.57	-	12.34	15.93	6.14	1.91	3.21	1.05	12.46		
1315	43.60	-	7.34	11.80	5.06	1.80	2.81	0.52	257.96		
1316	43.64	-	5.99	9.87	3.96	1.89	2.09	0.33	261.14		
1317	43.67	-	5.34	8.23	2.70	2.45	1.10	0.25	22.23		
1318	43.70	D	8.55	10.54	3.81	2.86	1.40	0.51	355.49		
1319	43.74	-	7.56	9.94	3.66	2.69	1.36	0.46	14.13		
1320	43.77	-	8.84	11.51	4.36	2.60	1.67	0.37	356.56		
1321	43.80	-	9.48	11.41	4.39	2.87	1.53	0.43	250.16		
1322	43.84	-	7.45	10.83	4.33	2.05	2.11	0.60	243.27		
1323	43.87	-	9.51	13.05	5.58	2.03	2.75	0.51	251.60		
1324	43.90	S	6.79	11.92	8.31	2.49	3.15	0.34	257.07	1.16	
1325	43.94	-	7.72	12.25	5.27	1.83	2.88	0.40	252.08		
1326	43.97	-	7.23	12.28	5.46	1.73	3.16	0.36	254.08		
1327	44.00	-	7.67	12.23	5.25	1.82	2.89	0.54	244.96		
1328	44.03	-	5.80	9.71	3.86	1.86	2.07	0.48	242.73		
1329	44.07	-	3.40	6.60	2.32	1.85	1.26	0.27	157.34		
1330	44.10	-	2.47	5.64	1.98	1.56	1.27	0.35	183.58		
1331	44.13	-	2.48	5.62	1.93	1.60	1.21	0.34	195.88		
1332	44.17	-	2.43	5.58	1.94	1.56	1.24	0.31	191.08		
1333	44.20	-	2.77	5.95	1.99	1.77	1.12	0.33	208.10		
1334	44.23	-	2.55	5.71	1.96	1.64	1.20	0.28	194.69		
1335	44.27	-	2.67	5.83	1.95	1.71	1.14	0.27	207.46		
1336	44.30	-	2.41	5.55	1.90	1.59	1.20	0.32	234.71		
1337	44.33	-	2.38	5.52	1.89	1.55	1.22	0.27	235.54		
1338	44.37	-	2.49	5.76	1.99	1.65	1.20	0.33	244.80		
1339	44.40	-	2.32	5.45	1.86	1.54	1.21	0.27	226.92		
1340	44.43	-	2.26	5.38	1.83	1.52	1.20	0.26	225.58		
1341	44.47	-	2.54	5.68	1.91	1.66	1.15	0.21	198.65		
1342	44.50	-	2.63	5.77	1.94	1.72	1.13	0.22	196.01		
1343	44.53	-	2.57	5.71	1.92	1.68	1.14	0.22	193.34		
1344	44.57	-	2.51	5.63	1.90	1.68	1.13	0.23	186.78		
1345	44.60	-	2.43	5.55	1.86	1.66	1.12	0.23	186.55		
1346	44.63	-	2.57	5.71	1.89	1.70	1.11	0.20	224.22		
1347	44.67	-	2.56	5.70	1.87	1.70	1.10	0.25	251.19		
1348	44.70	-	2.60	5.92	1.94	1.67	1.16	0.35	262.91		
1349	44.73	-	2.79	6.19	2.15	1.74	1.24	0.40	269.98		
1350	44.76	-	2.45	5.57	1.84	1.68	1.10	0.35	254.44		
1351	44.80	-	2.31	5.40	1.77	1.63	1.09	0.32	246.52		
1352	44.83	-	2.40	5.51	1.82	1.66	1.10	0.32	247.44		
1353	44.86	-	2.34	5.44	1.80	1.63	1.10	0.26	238.85		
1354	44.90	-	2.72	5.86	1.95	1.78	1.10	0.16	205.87		
1355	44.93	-	2.44	5.55	1.85	1.69	1.09	0.18	182.57		
1356	44.96	-	2.44	5.55	1.84	1.68	1.10	0.18	182.97		
1357	45.00	-	2.47	5.58	1.86	1.69	1.10	0.16	185.92		
1358	45.03	-	2.52	5.64	1.89	1.72	1.10	0.20	230.35		
1359	45.06	-	2.70	5.83	1.89	1.81	1.04	0.30	261.15		
1360	45.10	-	2.91	6.40	2.16	1.66	1.30	0.43	266.39		
1361	45.13	-	2.81	6.20	2.15	1.68	1.29	0.43	269.44		
1362	45.16	-	3.14	6.60	2.22	1.68	1.32	0.50	269.07		
1363	45.20	-	2.40	5.49	1.78	1.68	1.06	0.34	259.02		
