frame	position	phase	lumen_area	lumen_circumf	longest_distance	shortest_distance	elliptic_ratio	vector_length	vector_angle	measurement_1	measurement_2
1	0.00	-	9.27	10.86	3.72	3.25	1.07	0.16	325.41		
2	0.04	-	9.41	10.89	3.60	3.34	1.08	0.17	333.04		
3	0.08	-	9.48	10.94	3.62	3.32	1.09	0.17	336.11		
4	0.11	-	9.56	10.99	3.67	3.31	1.11	0.20	338.83		
5	0.15	-	9.65	11.05	3.68	3.31	1.11	0.19	342.61		
6	0.19	-	9.61	11.02	3.67	3.32	1.11	0.19	344.95		
7	0.22	-	9.71	11.07	3.65	3.35	1.09	0.19	343.15		
8	0.26	-	9.68	11.05	3.65	3.37	1.08	0.16	341.74		
9	0.29	-	9.55	10.97	3.59	3.38	1.06	0.15	340.28		
10	0.33	-	9.56	10.97	3.57	3.39	1.05	0.15	345.40		
11	0.36	-	9.40	10.89	3.56	3.41	1.04	0.17	332.86		
12	0.40	-	9.31	10.83	3.54	3.36	1.05	0.18	339.13		
13	0.43	-	9.37	10.88	3.59	3.36	1.07	0.19	334.59		
14	0.46	-	9.40	10.89	3.61	3.36	1.07	0.21	338.23		
15	0.50	-	9.43	10.90	3.60	3.36	1.07	0.22	339.52		
16	0.53	-	9.76	11.09	3.70	3.38	1.09	0.20	342.38		
17	0.57	-	9.65	11.03	3.66	3.37	1.09	0.21	341.17		
18	0.60	-	9.85	11.15	3.71	3.40	1.09	0.21	343.87		
19	0.64	-	9.64	11.03	3.68	3.35	1.10	0.18	342.02		
20	0.67	-	9.71	11.06	3.63	3.42	1.06	0.18	351.15		
21	0.70	-	9.52	10.95	3.61	3.36	1.07	0.22	349.45		
22	0.74	-	9.26	10.80	3.54	3.36	1.05	0.25	349.60		
23	0.77	-	9.11	10.71	3.48	3.36	1.04	0.25	344.55		
24	0.80	-	8.99	10.64	3.49	3.29	1.06	0.27	346.39		
25	0.84	-	9.16	10.74	3.52	3.33	1.06	0.26	348.10		
26	0.87	-	9.29	10.82	3.55	3.34	1.06	0.26	346.00		
27	0.91	-	9.30	10.82	3.54	3.36	1.05	0.25	343.93		
28	0.94	-	9.39	10.88	3.54	3.37	1.05	0.27	349.94		
29	0.97	-	9.62	11.01	3.55	3.42	1.04	0.26	351.09		
30	1.01	-	9.60	11.00	3.54	3.40	1.04	0.27	350.17		
31	1.04	-	9.55	10.97	3.55	3.44	1.03	0.26	354.96		
32	1.07	-	8.00	10.20	3.59	2.82	1.27	0.58	4.93		
33	1.10	-	8.26	10.34	3.72	2.85	1.28	0.68	15.66		
34	1.14	-	6.92	9.49	3.44	2.58	1.29	0.68	25.13		
35	1.17	-	6.71	9.61	3.67	2.22	1.65	0.59	44.02		
36	1.20	-	4.46	9.67	4.22	1.28	1.98	0.36	42.73		
37	1.24	-	4.37	9.64	4.27	1.32	2.10	0.53	100.60		
38	1.27	-	4.69	9.76	4.30	1.37	2.27	0.67	96.64		
39	1.30	-	4.41	9.71	4.31	1.29	2.08	0.60	92.66		
40	1.34	-	4.78	9.73	4.29	1.44	2.01	0.55	81.40		
41	1.37	-	4.99	9.74	4.25	1.49	1.78	0.62	84.39		
42	1.40	-	5.15	9.83	4.35	1.62	1.71	0.65	81.21		
43	1.44	-	5.37	9.76	4.24	1.64	1.93	0.73	79.81		
44	1.47	-	5.32	9.44	4.04	1.79	1.63	0.74	78.10		
45	1.50	-	5.70	9.74	4.17	1.93	1.59	0.72	72.20		
46	1.54	-	6.35	9.88	4.05	2.10	1.53	0.83	68.53		
47	1.57	-	6.54	9.87	3.97	2.23	1.50	0.82	62.26		
48	1.60	-	6.43	9.74	3.91	2.38	1.37	0.88	56.18		
49	1.63	-	7.68	10.03	3.64	2.69	1.35	0.73	27.40		
50	1.67	-	7.86	10.22	3.77	2.73	1.37	0.67	21.88		
51	1.70	-	7.98	10.31	3.82	2.75	1.33	0.66	17.88		
52	1.73	-	8.07	10.31	3.78	2.83	1.31	0.60	17.48		
53	1.77	-	8.29	10.42	3.80	2.92	1.25	0.58	12.48		
54	1.80	-	8.61	10.61	3.81	3.01	1.22	0.50	9.51		
55	1.83	-	8.84	10.72	3.79	3.10	1.21	0.48	12.20		
56	1.87	-	8.94	10.75	3.80	3.15	1.16	0.48	13.70		
57	1.90	-	8.53	10.53	3.76	3.06	1.15	0.50	21.71		
58	1.93	-	8.61	10.53	3.66	3.14	1.17	0.48	26.15		
59	1.97	-	8.20	10.21	3.53	3.01	1.14	0.35	37.66		
60	2.00	-	8.06	10.16	3.56	2.97	1.13	0.35	34.99		
61	2.03	-	8.06	10.13	3.47	2.99	1.12	0.33	32.29		
62	2.07	-	8.18	10.17	3.37	3.06	1.10	0.33	35.00		
63	2.10	-	8.49	10.36	3.38	3.15	1.07	0.34	31.25		
64	2.13	-	8.35	10.29	3.37	3.07	1.10	0.36	32.38		
65	2.16	-	8.27	10.27	3.42	3.02	1.13	0.41	26.39		
66	2.20	-	8.26	10.22	3.42	3.11	1.10	0.39	20.35		
67	2.23	-	8.22	10.18	3.41	3.07	1.11	0.41	16.26		
68	2.26	-	7.88	9.99	3.33	3.03	1.10	0.42	17.77		
69	2.30	-	8.25	10.19	3.37	3.11	1.09	0.42	23.29		
70	2.33	-	8.05	10.12	3.37	3.04	1.11	0.47	26.26		
71	2.36	-	7.75	9.91	3.27	2.99	1.09	0.43	25.93		
72	2.40	-	7.67	9.84	3.24	2.99	1.08	0.33	27.40		
73	2.43	-	7.49	9.72	3.21	2.95	1.09	0.29	21.62		
74	2.46	D	7.78	9.90	3.28	3.00	1.09	0.29	26.28		
75	2.50	-	7.72	9.87	3.25	2.98	1.09	0.30	24.30		
76	2.53	-	7.72	9.90	3.32	2.87	1.16	0.36	30.00		
77	2.56	-	7.64	9.86	3.32	2.89	1.15	0.36	26.94		
78	2.59	-	7.92	10.04	3.36	2.93	1.15	0.42	24.82		
79	2.63	-	7.98	10.04	3.30	3.04	1.09	0.36	23.68		
80	2.66	-	8.12	10.13	3.31	3.07	1.08	0.42	20.37		
81	2.69	S	7.97	10.04	3.32	3.01	1.10	0.38	22.64		
82	2.73	-	8.16	10.15	3.33	3.13	1.06	0.42	24.38		
83	2.76	-	8.08	10.10	3.35	3.07	1.09	0.40	25.63		
84	2.79	-	7.73	9.88	3.29	2.95	1.11	0.29	25.85		
85	2.83	-	7.73	9.87	3.29	3.00	1.10	0.27	27.60		
86	2.86	D	7.83	9.94	3.32	3.07	1.08	0.32	26.77		
87	2.89	-	7.51	9.74	3.29	2.95	1.11	0.30	20.88		
88	2.93	-	7.56	9.77	3.29	2.98	1.11	0.32	22.29		
89	2.96	-	7.09	9.47	3.16	2.84	1.11	0.36	16.49		
90	2.99	-	7.27	9.59	3.21	2.82	1.14	0.43	18.95		
91	3.02	-	7.91	10.01	3.35	2.96	1.13	0.48	18.52		
92	3.06	-	8.46	10.33	3.39	3.21	1.06	0.56	14.41		
93	3.09	S	8.07	10.09	3.34	3.08	1.09	0.48	17.06		
94	3.12	-	8.26	10.22	3.42	3.10	1.10	0.55	16.67		
95	3.16	-	7.64	9.82	3.25	2.98	1.09	0.49	16.71		
96	3.19	-	7.48	9.74	3.33	2.91	1.15	0.38	19.73		
97	3.22	-	7.75	9.89	3.32	3.00	1.11	0.28	14.93		
98	3.26	-	7.84	9.95	3.36	3.02	1.11	0.28	24.14		
99	3.29	D	7.66	9.83	3.30	2.96	1.12	0.26	23.71		
100	3.32	-	7.55	9.77	3.32	2.93	1.14	0.27	18.05		
101	3.36	-	7.40	9.68	3.28	2.92	1.12	0.31	19.51		
102	3.39	-	7.27	9.60	3.28	2.87	1.14	0.40	12.68		
103	3.42	-	7.18	9.52	3.21	2.87	1.12	0.47	11.70		
104	3.45	-	6.92	9.34	3.07	2.88	1.07	0.46	8.52		
105	3.49	S	7.15	9.49	3.13	2.93	1.07	0.49	9.07		
106	3.52	-	7.12	9.48	3.19	2.87	1.11	0.49	8.41		
107	3.55	-	7.15	9.50	3.20	2.89	1.11	0.49	9.00		
108	3.59	-	7.50	9.76	3.38	2.89	1.17	0.43	15.93		
109	3.62	-	7.62	9.83	3.38	2.95	1.14	0.35	19.41		
110	3.65	-	7.65	9.86	3.44	2.89	1.19	0.31	19.93		
111	3.69	D	7.53	9.78	3.38	2.86	1.18	0.27	19.89		
112	3.72	-	7.64	9.85	3.43	2.91	1.18	0.30	21.49		
113	3.75	-	7.56	9.80	3.38	2.89	1.17	0.29	20.65		
114	3.78	-	7.41	9.70	3.35	2.91	1.15	0.35	13.39		
115	3.82	-	7.27	9.61	3.34	2.87	1.16	0.40	9.47		
116	3.85	-	7.38	9.66	3.30	2.91	1.13	0.46	8.33		
117	3.88	-	7.49	9.72	3.26	2.94	1.11	0.49	6.56		
118	3.92	S	7.47	9.71	3.27	2.95	1.11	0.53	9.18		
119	3.95	-	7.35	9.64	3.25	2.92	1.12	0.51	10.77		
120	3.98	-	7.60	9.82	3.40	2.91	1.17	0.45	17.70		
121	4.02	-	7.28	9.63	3.32	2.83	1.18	0.44	16.06		
122	4.05	-	7.32	9.65	3.35	2.82	1.19	0.35	27.93		
123	4.08	-	7.11	9.51	3.28	2.76	1.19	0.38	23.65		
124	4.12	D	7.19	9.58	3.33	2.77	1.20	0.33	27.69		
125	4.15	-	7.23	9.60	3.35	2.78	1.20	0.34	23.71		
126	4.18	-	7.27	9.60	3.30	2.86	1.15	0.32	22.91		
127	4.21	-	7.33	9.64	3.31	2.87	1.15	0.36	22.23		
128	4.25	-	7.30	9.60	3.25	2.91	1.12	0.39	12.77		
129	4.28	-	7.38	9.67	3.30	2.88	1.15	0.45	10.02		
130	4.31	S	7.34	9.64	3.30	2.88	1.14	0.51	9.29		
131	4.35	-	7.32	9.62	3.28	2.89	1.13	0.51	8.18		
132	4.38	-	7.48	9.73	3.33	2.91	1.14	0.50	12.10		
133	4.41	-	7.37	9.67	3.31	2.87	1.15	0.46	21.03		
134	4.45	-	6.86	9.35	3.24	2.74	1.18	0.42	11.85		
135	4.48	-	6.71	9.24	3.18	2.69	1.18	0.37	16.53		
136	4.51	-	6.81	9.32	3.23	2.67	1.21	0.35	19.98		
137	4.55	D	6.87	9.36	3.24	2.68	1.21	0.36	18.54		
138	4.58	-	6.78	9.28	3.18	2.71	1.18	0.37	19.29		
139	4.61	-	6.57	9.14	3.17	2.65	1.20	0.37	14.29		
140	4.64	-	6.80	9.31	3.25	2.70	1.21	0.40	19.11		
141	4.68	-	7.11	9.50	3.27	2.82	1.16	0.46	20.59		
142	4.71	-	7.12	9.50	3.23	2.85	1.14	0.49	18.55		
143	4.74	S	7.15	9.52	3.27	2.80	1.17	0.53	15.35		
144	4.78	-	6.85	9.32	3.17	2.80	1.13	0.55	12.86		
145	4.81	-	6.94	9.38	3.20	2.77	1.15	0.51	11.16		
146	4.84	-	6.85	9.33	3.21	2.76	1.16	0.45	16.53		
147	4.88	-	6.85	9.32	3.13	2.80	1.12	0.36	20.18		
148	4.91	-	6.50	9.08	3.06	2.71	1.13	0.33	16.54		
149	4.94	D	6.42	9.02	3.07	2.69	1.14	0.34	17.75		
150	4.97	-	6.38	8.99	3.05	2.65	1.15	0.35	14.88		
151	5.01	-	6.59	9.13	3.08	2.74	1.12	0.35	17.52		
152	5.04	-	6.62	9.15	3.08	2.75	1.12	0.36	16.19		
153	5.07	-	6.61	9.16	3.14	2.71	1.16	0.42	14.76		
154	5.11	-	6.39	9.00	3.07	2.64	1.16	0.53	9.00		
155	5.14	-	6.66	9.17	3.10	2.75	1.13	0.54	6.98		
156	5.17	S	6.59	9.13	3.09	2.74	1.13	0.55	8.82		
157	5.21	-	6.62	9.14	3.08	2.76	1.11	0.54	9.90		
158	5.24	-	6.73	9.23	3.14	2.74	1.15	0.51	13.17		
159	5.27	-	6.69	9.20	3.03	2.77	1.10	0.45	15.00		
160	5.31	-	6.32	8.96	3.02	2.62	1.15	0.36	13.75		
161	5.34	-	6.31	8.95	3.01	2.62	1.15	0.34	11.83		
162	5.37	D	6.11	8.80	2.97	2.57	1.16	0.33	9.10		
163	5.40	-	6.18	8.85	2.99	2.60	1.15	0.35	13.73		
164	5.44	-	6.10	8.80	2.94	2.60	1.13	0.38	12.57		
165	5.47	-	6.25	8.89	3.00	2.64	1.13	0.42	14.24		
166	5.50	-	6.32	8.95	3.00	2.64	1.13	0.49	13.08		
167	5.54	-	6.65	9.17	3.07	2.76	1.11	0.50	12.34		
168	5.57	S	6.81	9.27	3.07	2.85	1.08	0.51	8.84		
169	5.60	-	6.73	9.23	3.09	2.78	1.11	0.53	11.08		
170	5.64	-	6.57	9.12	3.08	2.69	1.14	0.56	8.42		
171	5.67	-	6.60	9.14	3.01	2.75	1.10	0.48	12.36		
172	5.70	-	6.70	9.23	3.14	2.66	1.18	0.39	9.69		
173	5.74	-	6.49	9.09	3.10	2.62	1.18	0.34	16.77		
174	5.77	-	6.52	9.11	3.12	2.63	1.19	0.34	8.64		
175	5.80	D	6.48	9.09	3.11	2.58	1.21	0.35	14.10		
176	5.83	-	6.31	8.97	3.08	2.56	1.20	0.35	12.38		
177	5.87	-	6.31	8.98	3.07	2.53	1.21	0.39	10.32		
178	5.90	-	6.02	8.76	2.99	2.51	1.19	0.47	8.53		
179	5.93	-	6.13	8.82	2.96	2.59	1.14	0.53	6.93		
180	5.97	-	6.01	8.72	2.92	2.61	1.12	0.57	5.21		
181	6.00	S	6.20	8.87	2.97	2.64	1.13	0.56	6.36		
182	6.03	-	6.04	8.75	2.96	2.59	1.14	0.59	6.52		
183	6.07	-	6.37	9.01	3.08	2.57	1.20	0.55	8.33		
184	6.10	-	6.48	9.12	3.14	2.51	1.25	0.51	11.84		
185	6.13	-	6.43	9.06	3.10	2.54	1.22	0.39	18.51		
186	6.16	-	6.40	9.03	3.09	2.58	1.20	0.37	19.99		
187	6.20	D	6.37	9.01	3.08	2.56	1.20	0.37	19.27		
188	6.23	-	6.23	8.90	3.06	2.56	1.19	0.37	18.81		
189	6.26	-	6.21	8.91	3.03	2.51	1.21	0.38	15.85		
190	6.30	-	6.20	8.90	3.05	2.50	1.22	0.44	14.49		
191	6.33	-	6.14	8.87	3.06	2.47	1.24	0.52	13.27		
192	6.36	-	6.26	8.93	3.05	2.54	1.20	0.58	11.46		
193	6.40	-	6.36	8.98	3.04	2.62	1.16	0.58	12.02		
194	6.43	S	6.35	8.99	3.10	2.59	1.20	0.59	8.23		
195	6.46	-	6.33	8.98	3.08	2.57	1.20	0.57	8.33		
196	6.50	-	6.29	8.94	3.05	2.61	1.17	0.53	7.52		
197	6.53	-	6.30	8.95	3.08	2.58	1.19	0.46	14.35		
198	6.56	-	6.38	9.01	3.11	2.58	1.20	0.39	22.64		
199	6.59	-	6.39	9.03	3.13	2.56	1.23	0.38	21.95		
200	6.63	D	6.24	8.93	3.07	2.51	1.22	0.39	21.11		
201	6.66	-	6.10	8.84	3.08	2.47	1.25	0.42	17.02		
202	6.69	-	6.00	8.76	3.03	2.46	1.23	0.46	14.18		
203	6.73	-	6.02	8.75	3.02	2.50	1.21	0.49	10.98		
204	6.76	-	6.07	8.78	2.99	2.53	1.18	0.54	12.04		
205	6.79	-	6.14	8.82	2.97	2.62	1.13	0.56	10.84		
206	6.83	-	6.32	8.94	3.01	2.66	1.13	0.58	11.49		
207	6.86	S	6.26	8.90	3.01	2.64	1.14	0.57	10.38		
208	6.89	-	6.21	8.88	3.01	2.59	1.16	0.60	14.76		
209	6.93	-	6.38	9.00	3.08	2.61	1.18	0.56	16.99		
210	6.96	-	6.00	8.75	3.03	2.50	1.21	0.47	19.63		
211	6.99	-	5.94	8.72	3.05	2.42	1.26	0.46	19.20		
212	7.02	-	5.85	8.64	3.02	2.47	1.22	0.43	15.72		
213	7.06	D	5.81	8.63	3.04	2.41	1.26	0.45	15.48		
214	7.09	-	5.83	8.63	2.99	2.42	1.23	0.43	14.83		
215	7.12	-	5.73	8.54	2.97	2.45	1.21	0.47	14.55		
216	7.16	-	5.83	8.64	3.01	2.42	1.25	0.51	18.34		
217	7.19	-	5.88	8.66	2.98	2.48	1.20	0.58	13.24		
218	7.22	-	6.31	8.96	3.06	2.58	1.19	0.61	12.76		
219	7.26	S	6.20	8.88	3.03	2.55	1.19	0.61	12.68		
220	7.29	-	6.20	8.90	3.10	2.53	1.23	0.64	14.07		
221	7.32	-	5.92	8.69	3.01	2.47	1.22	0.60	12.88		
222	7.36	-	6.03	8.77	3.04	2.51	1.21	0.52	19.33		
223	7.39	-	5.97	8.79	3.12	2.35	1.32	0.50	23.90		
224	7.42	-	5.90	8.75	3.14	2.36	1.33	0.49	22.90		
225	7.45	D	5.88	8.73	3.11	2.34	1.33	0.49	22.72		
226	7.49	-	5.98	8.82	3.14	2.35	1.34	0.48	22.28		
227	7.52	-	5.74	8.61	3.05	2.34	1.30	0.49	21.15		
228	7.55	-	5.83	8.66	3.03	2.38	1.28	0.52	20.49		
229	7.59	-	5.73	8.56	2.97	2.40	1.24	0.55	14.07		
230	7.62	-	5.79	8.59	2.98	2.45	1.21	0.61	13.04		
231	7.65	-	5.88	8.65	3.01	2.50	1.21	0.64	12.07		
232	7.69	S	5.93	8.69	3.00	2.49	1.20	0.65	14.36		
233	7.72	-	5.86	8.67	3.05	2.42	1.26	0.64	15.06		
234	7.75	-	6.01	8.78	3.06	2.43	1.26	0.62	18.22		
235	7.78	-	5.75	8.62	3.07	2.31	1.33	0.57	20.80		
236	7.82	-	5.71	8.62	3.10	2.28	1.36	0.53	24.78		
237	7.85	-	5.75	8.64	3.10	2.32	1.34	0.51	24.79		
238	7.88	D	5.73	8.64	3.12	2.30	1.36	0.51	22.08		
239	7.92	-	5.73	8.61	3.09	2.34	1.32	0.51	25.77		
240	7.95	-	5.65	8.56	3.06	2.27	1.35	0.55	21.24		
241	7.98	-	5.62	8.52	3.05	2.32	1.31	0.59	20.80		
242	8.02	-	5.71	8.55	3.00	2.38	1.26	0.63	16.86		
243	8.05	-	5.89	8.68	3.03	2.45	1.24	0.65	14.66		
244	8.08	S	5.95	8.73	3.06	2.45	1.25	0.67	15.76		
245	8.12	-	5.96	8.73	3.05	2.47	1.23	0.66	15.52		
246	8.15	-	5.90	8.68	3.04	2.46	1.24	0.66	15.19		
247	8.18	-	5.74	8.61	3.08	2.36	1.31	0.62	23.39		
248	8.21	-	5.52	8.47	3.04	2.25	1.35	0.53	25.90		
249	8.25	-	5.66	8.58	3.08	2.29	1.34	0.51	27.71		
250	8.28	D	5.55	8.50	3.06	2.25	1.36	0.50	27.40		
251	8.31	-	5.61	8.55	3.08	2.28	1.35	0.50	27.80		
252	8.35	-	5.50	8.47	3.03	2.23	1.36	0.52	25.98		
253	8.38	-	5.54	8.46	3.00	2.29	1.31	0.56	24.49		
254	8.41	-	5.52	8.43	3.02	2.33	1.30	0.59	21.19		
255	8.45	-	5.65	8.50	2.97	2.38	1.25	0.64	19.78		
256	8.48	-	5.73	8.56	3.00	2.44	1.23	0.63	14.73		
257	8.51	S	5.70	8.52	2.96	2.44	1.21	0.63	18.94		
258	8.55	-	5.81	8.61	2.98	2.45	1.22	0.65	18.68		
259	8.58	-	5.82	8.63	3.03	2.45	1.24	0.66	21.05		
260	8.61	-	5.73	8.60	3.05	2.33	1.31	0.61	25.31		
261	8.64	-	5.42	8.41	3.02	2.22	1.36	0.55	28.79		
262	8.68	-	5.35	8.34	2.99	2.22	1.35	0.54	29.58		
263	8.71	D	5.37	8.35	2.99	2.25	1.33	0.55	30.22		
264	8.74	-	5.23	8.25	2.96	2.20	1.35	0.53	29.85		
265	8.78	-	5.33	8.33	2.99	2.21	1.35	0.56	28.15		
266	8.81	-	5.29	8.29	2.98	2.23	1.34	0.57	27.84		
267	8.84	-	5.58	8.48	3.01	2.33	1.29	0.61	22.68		
268	8.88	-	5.59	8.46	2.96	2.36	1.25	0.64	18.99		
269	8.91	S	5.79	8.61	3.01	2.42	1.24	0.67	20.88		
270	8.94	-	5.67	8.51	2.97	2.40	1.24	0.64	20.78		
271	8.98	-	5.73	8.57	3.02	2.40	1.25	0.68	21.85		
272	9.01	-	5.39	8.34	2.97	2.29	1.29	0.62	26.05		
273	9.04	-	5.01	8.08	2.94	2.17	1.36	0.53	28.56		
274	9.07	-	5.22	8.26	2.98	2.19	1.36	0.55	31.29		
275	9.11	-	5.31	8.31	2.98	2.22	1.34	0.53	32.21		
276	9.14	D	5.25	8.27	2.97	2.20	1.35	0.53	30.62		
277	9.17	-	5.29	8.29	2.96	2.24	1.32	0.53	32.42		
278	9.21	-	5.31	8.29	2.96	2.26	1.31	0.56	30.93		
279	9.24	-	5.19	8.19	2.93	2.25	1.30	0.60	27.18		
280	9.27	-	5.25	8.21	2.88	2.30	1.26	0.61	25.27		
281	9.31	-	5.59	8.46	2.97	2.39	1.25	0.66	24.55		
282	9.34	S	5.59	8.46	2.96	2.40	1.23	0.65	25.31		
283	9.37	-	5.57	8.43	2.94	2.40	1.22	0.66	24.80		
284	9.40	-	5.46	8.37	2.93	2.36	1.24	0.65	25.98		
285	9.44	-	5.04	8.04	2.82	2.24	1.26	0.56	31.05		
286	9.47	-	5.09	8.13	2.91	2.19	1.33	0.54	37.80		
287	9.50	-	5.22	8.26	2.99	2.18	1.38	0.53	38.98		
288	9.54	D	5.13	8.18	2.96	2.18	1.36	0.52	38.05		
289	9.57	-	5.11	8.17	2.94	2.17	1.36	0.51	37.34		
290	9.60	-	4.98	8.04	2.88	2.15	1.34	0.50	35.52		
291	9.64	-	4.89	7.96	2.83	2.15	1.31	0.53	33.62		
292	9.67	-	4.92	7.98	2.82	2.16	1.30	0.56	30.37		
293	9.70	-	5.14	8.13	2.87	2.26	1.27	0.60	27.95		
294	9.74	-	5.43	8.33	2.88	2.36	1.22	0.64	26.61		
295	9.77	S	5.26	8.20	2.86	2.32	1.23	0.61	27.04		
296	9.80	-	5.42	8.33	2.89	2.34	1.24	0.62	27.14		
297	9.83	-	5.06	8.08	2.84	2.21	1.29	0.60	29.88		
298	9.87	-	5.16	8.19	2.92	2.18	1.34	0.56	35.97		
299	9.90	-	5.26	8.31	3.01	2.15	1.40	0.54	39.50		
300	9.93	-	5.30	8.34	3.03	2.16	1.40	0.51	38.34		
301	9.97	D	5.27	8.30	2.99	2.17	1.38	0.50	37.14		
302	10.00	-	5.25	8.30	3.03	2.15	1.41	0.53	39.08		
303	10.03	-	5.18	8.23	2.97	2.17	1.37	0.56	37.38		
304	10.07	-	5.06	8.12	2.93	2.17	1.35	0.57	33.90		
305	10.10	-	5.17	8.16	2.89	2.24	1.29	0.62	32.14		
306	10.13	-	5.33	8.29	2.92	2.28	1.28	0.64	29.05		
307	10.17	S	5.38	8.32	2.92	2.30	1.27	0.65	30.18		
308	10.20	-	5.33	8.29	2.95	2.29	1.29	0.63	27.51		
309	10.23	-	5.49	8.40	2.93	2.34	1.25	0.62	32.80		
310	10.26	-	4.88	7.93	2.82	2.18	1.29	0.58	37.07		
311	10.30	-	4.70	7.82	2.81	2.07	1.36	0.50	43.36		
312	10.33	-	4.87	7.98	2.90	2.09	1.38	0.49	44.22		
313	10.36	-	4.99	8.11	2.95	2.08	1.42	0.49	45.53		
314	10.40	D	4.98	8.08	2.92	2.11	1.38	0.48	43.13		
315	10.43	-	4.66	7.82	2.83	2.03	1.39	0.52	42.87		
316	10.46	-	4.55	7.68	2.75	2.06	1.33	0.50	42.13		
317	10.50	-	4.61	7.73	2.76	2.07	1.34	0.56	36.88		
318	10.53	-	4.74	7.79	2.73	2.16	1.26	0.56	32.27		
319	10.56	-	5.09	8.07	2.83	2.25	1.26	0.59	31.02		
320	10.60	S	5.03	8.05	2.84	2.22	1.28	0.58	31.94		
321	10.63	-	5.22	8.18	2.86	2.28	1.25	0.60	34.96		
322	10.66	-	4.98	8.01	2.83	2.20	1.29	0.57	36.87		
323	10.69	-	5.02	8.10	2.93	2.14	1.37	0.54	44.15		
324	10.73	-	5.09	8.23	3.07	2.07	1.48	0.50	48.99		
325	10.76	-	5.11	8.27	3.09	2.03	1.52	0.50	46.26		
326	10.79	D	4.90	8.06	2.99	2.06	1.46	0.47	46.59		
327	10.83	-	4.97	8.13	3.04	2.04	1.49	0.51	46.83		
328	10.86	-	4.69	7.88	2.93	2.01	1.45	0.50	45.16		
329	10.89	-	4.85	7.97	2.91	2.08	1.40	0.53	43.45		
330	10.93	-	4.97	8.04	2.88	2.15	1.34	0.55	41.01		
331	10.96	-	5.06	8.09	2.88	2.17	1.32	0.58	37.21		
332	10.99	S	5.12	8.14	2.91	2.20	1.32	0.57	35.04		
333	11.03	-	5.09	8.13	2.90	2.18	1.33	0.60	36.21		
334	11.06	-	5.12	8.14	2.90	2.21	1.31	0.58	36.45		
335	11.09	-	4.99	8.07	2.90	2.14	1.36	0.59	42.23		
336	11.12	-	4.66	7.85	2.90	2.02	1.44	0.45	45.22		
337	11.16	-	4.87	7.99	2.91	2.11	1.38	0.46	52.05		
338	11.19	-	4.72	7.87	2.87	2.07	1.39	0.44	51.59		
339	11.22	D	4.73	7.92	2.94	2.01	1.46	0.47	48.59		
340	11.26	-	4.59	7.78	2.84	2.03	1.40	0.47	49.12		
341	11.29	-	4.52	7.71	2.83	2.01	1.41	0.50	49.64		
342	11.32	-	4.55	7.71	2.79	2.06	1.36	0.51	46.77		
343	11.36	-	4.81	7.90	2.84	2.13	1.33	0.53	43.38		
344	11.39	-	5.06	8.10	2.89	2.18	1.32	0.56	40.37		
345	11.42	S	5.14	8.19	2.94	2.18	1.35	0.55	36.07		
346	11.45	-	5.05	8.10	2.91	2.17	1.34	0.56	37.85		
347	11.49	-	4.89	7.96	2.83	2.16	1.31	0.53	42.15		
348	11.52	-	4.66	7.81	2.85	2.09	1.37	0.50	46.02		
349	11.55	-	4.45	7.69	2.85	1.96	1.46	0.45	51.35		
350	11.59	-	4.58	7.83	2.93	1.95	1.50	0.45	51.35		
351	11.62	-	4.57	7.85	2.95	1.92	1.54	0.44	53.00		
352	11.65	D	4.63	7.87	2.96	1.96	1.51	0.43	52.41		
353	11.69	-	4.61	7.84	2.92	1.97	1.48	0.47	51.96		
354	11.72	-	4.70	7.86	2.87	2.05	1.40	0.47	49.93		
355	11.75	-	4.62	7.79	2.85	2.05	1.39	0.49	47.62		
356	11.79	-	4.84	7.92	2.84	2.14	1.32	0.52	45.18		
357	11.82	S	5.00	8.06	2.92	2.17	1.35	0.52	40.96		
358	11.85	-	4.92	7.97	2.85	2.18	1.31	0.52	43.10		
359	11.88	-	4.93	7.99	2.86	2.16	1.32	0.53	43.40		
360	11.92	-	4.66	7.83	2.86	2.05	1.39	0.48	44.97		
361	11.95	-	4.58	7.82	2.93	1.95	1.50	0.44	48.78		
362	11.98	-	4.58	7.86	2.96	1.93	1.54	0.41	51.30		
363	12.02	-	4.74	7.98	2.99	1.98	1.51	0.42	55.61		
364	12.05	D	4.58	7.84	2.95	1.94	1.52	0.44	54.70		
365	12.08	-	4.64	7.92	2.98	1.94	1.54	0.43	52.11		
366	12.12	-	4.56	7.84	2.95	1.92	1.54	0.43	49.93		
367	12.15	-	4.67	7.90	2.94	1.98	1.48	0.45	48.66		
368	12.18	-	4.62	7.85	2.92	1.99	1.47	0.47	45.78		
369	12.22	-	4.92	8.06	2.98	2.09	1.42	0.47	42.09		
370	12.25	S	4.89	8.05	2.99	2.06	1.45	0.48	40.07		
371	12.28	-	4.96	8.10	3.00	2.09	1.43	0.48	42.27		
372	12.31	-	4.68	7.89	2.95	2.01	1.47	0.49	41.91		
373	12.35	-	4.54	7.78	2.90	1.94	1.49	0.49	51.57		
374	12.38	-	4.41	7.67	2.87	1.92	1.50	0.45	55.47		
375	12.41	-	4.51	7.79	2.96	1.93	1.53	0.44	56.21		
376	12.45	D	4.49	7.76	2.95	1.92	1.53	0.43	56.18		
377	12.48	-	4.38	7.64	2.84	1.92	1.48	0.46	57.41		
378	12.51	-	4.35	7.58	2.80	1.95	1.44	0.48	56.95		
379	12.55	-	4.26	7.50	2.76	1.92	1.44	0.50	56.50		
380	12.58	-	4.24	7.46	2.72	1.94	1.41	0.53	54.59		
381	12.61	-	4.44	7.66	2.78	1.96	1.42	0.52	50.68		
382	12.65	-	4.73	7.93	2.94	2.00	1.47	0.52	45.34		
383	12.68	S	4.98	8.14	3.00	2.04	1.47	0.51	46.35		
384	12.71	-	4.86	8.04	2.98	2.01	1.48	0.52	46.10		
385	12.74	-	4.74	7.99	3.01	2.00	1.42	0.54	51.37		
386	12.78	-	4.64	7.93	2.99	1.96	1.44	0.47	56.29		
387	12.81	-	4.45	7.84	3.04	1.89	1.48	0.44	60.13		
388	12.84	-	4.57	7.94	3.08	1.92	1.49	0.41	59.64		
389	12.88	D	4.51	7.88	3.04	1.90	1.49	0.41	58.55		
390	12.91	-	4.49	7.89	3.06	1.92	1.48	0.42	58.68		
391	12.94	-	4.49	7.86	3.04	1.92	1.48	0.41	57.08		
392	12.98	-	4.53	7.87	3.01	1.91	1.49	0.43	54.27		
393	13.01	-	4.59	7.89	3.01	1.96	1.45	0.46	52.33		
394	13.04	-	4.79	8.03	3.04	2.04	1.42	0.46	49.54		
395	13.08	S	4.79	8.00	2.98	2.02	1.45	0.47	47.31		
396	13.11	-	4.71	7.93	2.96	2.01	1.45	0.46	49.01		
397	13.14	-	4.68	7.94	2.98	1.98	1.46	0.47	49.45		
398	13.17	-	4.54	7.86	2.96	1.92	1.46	0.46	57.34		
399	13.21	-	4.56	7.88	3.01	1.90	1.56	0.39	56.14		
400	13.24	-	4.67	8.00	3.08	1.90	1.62	0.34	58.48		
401	13.27	-	4.69	8.02	3.07	1.88	1.63	0.34	59.63		
402	13.31	D	4.74	8.07	3.10	1.89	1.64	0.35	62.27		
403	13.34	-	4.73	8.08	3.11	1.89	1.65	0.35	60.33		
404	13.37	-	4.72	8.03	3.05	1.92	1.59	0.37	58.08		
405	13.41	-	4.62	7.97	3.07	1.89	1.60	0.41	56.33		
406	13.44	-	4.63	7.94	3.04	1.93	1.53	0.43	55.22		
407	13.47	-	4.78	8.03	3.04	1.98	1.50	0.44	51.96		
408	13.51	S	4.78	8.03	3.04	1.99	1.51	0.43	49.66		
409	13.54	-	4.80	8.05	3.05	1.99	1.52	0.44	50.15		
410	13.57	-	4.76	8.04	3.06	1.96	1.56	0.41	52.31		
411	13.60	-	4.76	8.08	3.10	1.92	1.62	0.35	51.79		
412	13.64	-	4.68	8.06	3.15	1.88	1.67	0.34	56.87		
413	13.67	-	4.73	8.05	3.08	1.91	1.62	0.30	53.58		
414	13.70	D	4.76	8.09	3.12	1.91	1.64	0.33	55.38		
415	13.74	-	4.73	8.06	3.09	1.90	1.63	0.33	56.41		
416	13.77	-	4.79	8.11	3.13	1.91	1.64	0.33	55.39		
417	13.80	-	4.72	8.01	3.05	1.94	1.57	0.37	56.84		
418	13.84	-	4.88	8.15	3.10	1.96	1.55	0.36	53.38		
419	13.87	-	4.92	8.15	3.08	2.01	1.54	0.38	48.93		
420	13.90	S	5.01	8.21	3.08	2.04	1.48	0.40	50.46		
421	13.93	-	4.99	8.20	3.10	2.03	1.52	0.40	47.54		
422	13.97	-	4.89	8.10	3.05	2.01	1.52	0.41	47.43		
423	14.00	-	4.81	8.12	3.12	1.96	1.59	0.37	47.09		
424	14.03	-	4.79	8.10	3.08	1.92	1.61	0.34	48.88		
425	14.07	-	4.78	8.13	3.15	1.93	1.58	0.35	50.62		
426	14.10	D	4.99	8.29	3.19	1.95	1.58	0.33	49.46		
427	14.13	-	4.86	8.20	3.19	1.93	1.56	0.35	52.17		
428	14.17	-	4.88	8.20	3.16	1.95	1.54	0.35	50.91		
429	14.20	-	4.89	8.24	3.22	1.93	1.62	0.35	49.02		
430	14.23	-	4.82	8.13	3.12	1.92	1.63	0.34	46.96		
431	14.27	-	4.89	8.16	3.11	1.97	1.58	0.37	46.49		
432	14.30	-	4.94	8.22	3.14	1.97	1.60	0.38	44.22		
433	14.33	S	4.96	8.21	3.12	1.99	1.57	0.39	42.25		
434	14.36	-	4.85	8.11	3.08	1.98	1.55	0.41	42.51		
435	14.40	-	4.96	8.22	3.12	1.98	1.58	0.37	44.20		
436	14.43	-	4.95	8.26	3.17	1.95	1.57	0.37	48.59		
437	14.46	-	4.85	8.22	3.21	1.88	1.71	0.30	45.76		
438	14.50	-	4.69	8.16	3.23	1.84	1.80	0.28	26.90		
439	14.53	D	4.81	8.23	3.20	1.85	1.73	0.28	20.75		
440	14.56	-	5.04	8.37	3.25	1.93	1.69	0.26	44.47		
441	14.60	-	5.08	8.39	3.25	1.96	1.66	0.25	42.95		
442	14.63	-	5.00	8.30	3.16	1.92	1.64	0.27	45.02		
443	14.66	-	4.97	8.29	3.21	1.92	1.62	0.31	45.38		
444	14.70	-	5.06	8.33	3.20	1.99	1.56	0.34	44.49		
445	14.73	S	5.17	8.35	3.15	2.05	1.48	0.35	41.08		
446	14.76	-	5.15	8.32	3.12	2.07	1.51	0.34	33.47		
447	14.79	-	5.01	8.26	3.17	2.01	1.58	0.34	31.17		
448	14.83	-	4.85	8.16	3.13	1.91	1.64	0.32	33.05		
449	14.86	-	4.80	8.19	3.20	1.86	1.67	0.30	37.66		
450	14.89	-	4.72	8.15	3.23	1.86	1.74	0.29	32.01		
451	14.93	-	4.86	8.23	3.21	1.90	1.69	0.30	33.22		
452	14.96	D	4.82	8.18	3.20	1.91	1.67	0.28	32.94		
453	14.99	-	4.84	8.20	3.21	1.91	1.68	0.29	34.08		
454	15.03	-	4.85	8.19	3.19	1.94	1.65	0.29	33.37		
455	15.06	-	5.07	8.37	3.25	1.95	1.67	0.30	30.96		
456	15.09	-	5.03	8.37	3.22	1.93	1.67	0.32	37.13		
457	15.12	-	5.20	8.41	3.19	2.00	1.59	0.32	36.26		
458	15.16	S	5.31	8.48	3.21	2.04	1.58	0.36	31.40		
459	15.19	-	5.38	8.55	3.22	2.02	1.60	0.33	32.77		
460	15.22	-	5.06	8.35	3.19	1.96	1.63	0.35	27.80		
461	15.26	-	5.02	8.29	3.15	1.96	1.60	0.26	33.35		
462	15.29	-	4.85	8.22	3.16	1.88	1.63	0.23	30.32		
463	15.32	-	4.86	8.30	3.22	1.84	1.72	0.23	28.73		
464	15.36	-	4.85	8.39	3.33	1.80	1.72	0.23	23.17		
465	15.39	D	4.78	8.39	3.37	1.72	1.73	0.23	19.11		
466	15.42	-	4.93	8.52	3.45	1.78	1.66	0.25	21.44		
467	15.46	-	4.95	8.38	3.31	1.88	1.65	0.22	31.14		
468	15.49	-	4.91	8.31	3.25	1.91	1.57	0.25	38.71		
469	15.52	-	4.94	8.38	3.24	1.86	1.35	0.19	59.22		
470	15.55	-	4.92	8.28	3.25	1.92	1.43	0.28	28.64		
471	15.59	S	4.98	8.33	3.25	1.99	1.34	0.27	28.49		
472	15.62	-	4.95	8.35	3.27	1.89	1.43	0.31	15.57		
473	15.65	-	4.78	8.20	3.23	1.90	1.44	0.29	28.77		
474	15.69	-	4.76	8.18	3.22	1.87	1.36	0.21	34.54		
475	15.72	-	4.70	8.16	3.23	1.87	1.56	0.24	4.74		
476	15.75	-	4.67	8.14	3.21	1.85	1.51	0.16	3.72		
477	15.79	D	4.54	8.15	3.24	1.78	1.67	0.24	1.12		
478	15.82	-	4.72	8.23	3.29	1.83	1.63	0.24	355.51		
479	15.85	-	4.79	8.22	3.24	1.87	1.64	0.25	352.11		
480	15.88	-	4.92	8.28	3.22	1.97	1.61	0.27	355.09		
481	15.92	-	4.69	8.16	3.19	1.84	1.45	0.25	5.30		
482	15.95	-	4.88	8.26	3.20	1.93	1.49	0.35	347.44		
483	15.98	S	5.03	8.38	3.26	1.98	1.48	0.31	349.99		
484	16.02	-	5.03	8.42	3.25	1.90	1.46	0.33	340.03		
485	16.05	-	4.96	8.28	3.17	1.97	1.46	0.37	339.65		
486	16.08	-	4.73	8.24	3.24	1.80	1.59	0.31	339.73		
487	16.12	-	4.62	8.16	3.19	1.70	1.68	0.33	339.29		
488	16.15	-	4.72	8.25	3.28	1.79	1.72	0.32	327.19		
489	16.18	-	4.69	8.25	3.25	1.74	1.78	0.35	324.19		
490	16.22	D	4.72	8.27	3.26	1.77	1.99	0.21	317.45		
491	16.25	-	4.82	8.36	3.28	1.74	1.58	0.25	329.75		
492	16.28	-	4.70	8.27	3.23	1.74	1.70	0.30	323.93		
493	16.31	-	4.83	8.32	3.24	1.78	1.71	0.28	334.63		
494	16.35	-	4.86	8.31	3.26	1.81	1.70	0.29	337.45		
495	16.38	-	4.85	8.30	3.21	1.84	1.48	0.28	349.22		
496	16.41	S	5.00	8.41	3.25	1.90	2.19	0.39	339.22		
497	16.45	-	4.90	8.36	3.21	1.85	1.50	0.19	353.56		
498	16.48	-	5.01	8.38	3.24	1.85	1.55	0.30	338.31		
499	16.51	-	4.67	8.10	3.10	1.81	1.59	0.24	315.82		
500	16.55	-	4.48	8.03	3.21	1.74	1.58	0.34	323.20		
501	16.58	-	4.35	7.96	3.20	1.70	1.66	0.27	242.37		
502	16.61	D	4.50	8.04	3.13	1.79	1.51	0.32	315.87		
503	16.65	-	4.46	8.01	3.19	1.74	1.54	0.35	317.37		
504	16.68	-	4.55	8.04	3.15	1.81	1.48	0.37	312.57		
505	16.71	-	4.62	8.01	3.13	1.86	1.56	0.38	320.06		
506	16.74	-	4.78	8.16	3.16	1.94	1.58	0.34	325.22		
507	16.78	-	4.76	8.16	3.16	1.90	1.53	0.39	322.35		
508	16.81	-	4.89	8.18	3.12	2.00	1.54	0.40	329.86		
509	16.84	S	4.74	8.02	4.80	3.14	1.51	0.36	327.38		
510	16.88	-	4.69	8.11	3.18	1.90	1.58	0.43	328.41		
511	16.91	-	4.65	8.11	3.16	1.84	1.60	0.40	323.49		
512	16.94	-	4.49	8.09	3.16	1.67	1.68	0.45	310.34		
513	16.98	-	4.55	8.09	3.18	1.73	1.65	0.49	304.79		
514	17.01	-	4.65	8.17	3.20	1.82	1.62	0.66	310.76		
515	17.04	D	4.71	8.20	3.17	1.79	1.52	0.52	304.12		
516	17.08	-	4.62	8.18	3.25	1.75	1.73	0.57	303.38		
517	17.11	-	4.44	7.99	3.10	1.71	1.60	0.48	304.60		
518	17.14	-	4.52	8.00	3.07	1.80	1.55	0.49	302.04		
519	17.17	-	4.62	8.10	3.13	1.80	1.59	0.50	307.48		
520	17.21	-	4.83	8.18	3.13	1.88	1.58	0.55	311.22		
521	17.24	-	5.01	8.34	3.18	1.92	1.95	1.05	325.32		
522	17.27	S	4.72	8.10	3.16	1.90	1.56	0.61	316.58		
523	17.31	-	4.93	8.30	3.19	1.94	1.51	0.53	314.63		
524	17.34	-	5.03	8.34	3.12	1.99	1.55	0.45	306.65		
525	17.37	-	4.66	8.09	3.07	1.89	1.62	0.48	305.87		
526	17.41	-	4.48	8.03	3.14	1.72	1.80	0.67	309.29		
527	17.44	-	4.52	8.01	3.10	1.77	1.85	0.59	306.46		
528	17.47	D	4.51	8.04	3.14	1.77	1.83	0.68	308.82		
529	17.51	-	4.54	8.03	3.12	1.77	1.66	0.64	304.83		
530	17.54	-	4.30	7.82	3.00	1.71	1.67	0.55	303.84		
531	17.57	-	4.48	7.94	3.06	1.82	1.60	0.53	305.82		
532	17.60	-	4.43	7.86	2.99	1.83	1.58	0.52	304.13		
533	17.64	-	4.65	7.99	2.98	1.95	1.52	0.52	306.21		
534	17.67	S	4.64	8.05	4.74	2.93	1.58	0.52	307.47		
535	17.70	-	4.52	7.95	3.05	1.80	1.62	0.51	308.32		
536	17.74	-	4.47	7.94	3.05	1.79	1.69	0.51	305.33		
537	17.77	-	4.20	7.77	2.98	1.66	1.74	0.51	302.28		
538	17.80	-	4.25	7.93	3.14	1.60	1.66	0.57	288.78		
539	17.84	-	4.07	7.77	3.06	1.58	1.44	0.63	280.12		
540	17.87	D	4.24	7.90	4.92	2.55	1.49	0.59	290.38		
541	17.90	-	4.12	7.83	3.12	1.57	1.48	0.61	287.57		
542	17.94	-	4.02	7.61	2.92	1.64	1.60	0.62	285.36		
543	17.97	-	4.31	7.86	3.02	1.70	1.59	0.64	283.83		
544	18.00	-	4.34	7.88	3.03	1.66	1.62	0.65	287.53		
545	18.03	-	4.57	8.02	3.04	1.77	1.65	0.67	288.24		
546	18.07	S	4.77	8.18	3.15	1.81	1.67	0.66	289.76		
547	18.10	-	4.50	8.00	3.01	1.71	1.57	0.68	293.51		
548	18.13	-	4.49	8.01	3.05	1.73	1.67	0.67	291.90		
549	18.17	-	4.72	8.19	3.12	1.77	1.67	0.63	289.01		
550	18.20	-	4.64	8.19	3.13	1.70	1.75	0.66	286.24		
551	18.23	-	4.38	8.04	3.12	1.57	1.80	0.60	290.35		
552	18.27	-	4.34	8.00	3.11	1.59	1.62	0.58	285.17		
553	18.30	D	4.23	7.85	4.77	2.48	1.67	0.60	287.88		
554	18.33	-	4.40	7.99	3.12	1.65	1.63	0.62	288.31		
555	18.37	-	4.47	8.10	3.14	1.61	1.69	0.64	290.77		
556	18.40	-	4.62	8.26	3.23	1.60	1.59	0.63	288.14		
557	18.43	-	4.60	8.20	3.18	1.64	1.60	0.61	291.70		
558	18.46	-	4.67	8.20	3.17	1.67	1.63	0.58	296.85		
559	18.50	S	4.58	8.17	4.89	2.54	1.60	0.57	297.02		
560	18.53	-	4.68	8.24	3.16	1.65	1.64	0.60	297.41		
561	18.56	-	4.56	8.15	3.09	1.62	1.64	0.61	296.29		
562	18.60	-	4.49	8.12	3.08	1.57	1.72	0.61	294.77		
563	18.63	-	4.51	8.17	3.15	1.56	1.76	0.66	294.06		
564	18.66	-	4.37	8.15	3.19	1.48	1.80	0.62	291.71		
565	18.70	-	4.48	8.33	3.29	1.46	1.70	0.59	291.12		
566	18.73	D	4.50	8.33	3.26	1.47	1.58	0.54	289.34		
567	18.76	-	4.39	8.28	3.26	1.43	1.57	0.55	285.74		
568	18.79	-	4.51	8.33	3.26	1.47	1.57	0.58	285.77		
569	18.83	-	4.58	8.38	3.27	1.51	1.53	0.60	285.41		
570	18.86	-	4.58	8.22	3.22	1.59	1.47	0.61	280.53		
571	18.89	S	4.77	8.51	3.32	1.56	1.46	0.63	280.02		
572	18.93	-	4.70	8.42	3.26	1.55	1.45	0.62	282.92		
573	18.96	-	4.70	8.39	3.24	1.57	1.55	0.64	284.57		
574	18.99	-	4.58	8.37	3.28	1.52	1.51	0.62	281.47		
575	19.03	-	4.41	8.22	3.23	1.48	1.79	0.75	282.45		
576	19.06	-	4.23	8.08	3.20	1.50	1.89	0.76	285.67		
577	19.09	-	4.14	7.99	3.18	1.45	1.86	0.84	283.11		
578	19.13	D	4.38	8.17	3.27	1.53	1.84	0.86	284.75		
579	19.16	-	4.36	8.19	3.25	1.52	1.74	0.70	277.84		
580	19.19	-	4.38	8.20	3.22	1.50	1.88	0.83	282.24		
581	19.22	-	4.22	8.13	3.22	1.39	1.81	0.86	282.24		
582	19.26	-	4.24	8.05	3.14	1.48	1.83	0.80	280.74		
583	19.29	-	4.25	8.02	3.14	1.49	1.95	0.78	282.22		
584	19.32	S	4.22	8.08	4.94	2.20	1.88	0.78	282.34		
585	19.36	-	4.40	8.24	3.17	1.43	1.84	0.76	280.28		
586	19.39	-	4.53	8.36	3.27	1.46	1.81	0.76	280.35		
587	19.42	-	4.30	8.30	3.28	1.35	1.91	0.80	278.77		
588	19.46	-	4.02	8.10	3.26	1.29	1.98	0.75	276.24		
589	19.49	-	4.14	8.25	3.31	1.29	1.83	0.71	271.85		
590	19.52	D	4.03	8.08	3.31	1.35	1.92	0.73	273.14		
591	19.56	-	3.96	8.06	3.23	1.28	1.57	0.67	259.65		
592	19.59	-	4.05	8.12	3.28	1.34	1.82	0.52	273.02		
593	19.62	-	4.05	8.11	3.24	1.34	1.71	0.61	273.57		
594	19.65	-	4.04	8.09	3.22	1.29	1.80	0.56	270.64		
595	19.69	-	4.09	8.12	3.22	1.37	1.73	0.55	271.88		
596	19.72	-	4.34	8.38	3.37	1.38	1.74	0.59	269.91		
597	19.75	S	4.46	8.40	3.36	1.44	1.70	0.59	265.88		
598	19.79	-	4.33	8.32	3.28	1.35	1.44	0.55	257.54		
599	19.82	-	4.33	8.43	3.37	1.28	1.53	0.61	260.08		
600	19.85	-	4.56	8.49	3.38	1.40	1.57	0.64	258.52		
601	19.89	-	4.54	8.72	3.48	1.24	1.73	0.65	258.17		
602	19.92	D	4.42	8.61	5.39	1.93	1.65	0.69	260.72		
603	19.95	-	4.32	8.58	3.40	1.18	1.68	0.67	255.67		
604	19.99	-	4.41	8.64	3.42	1.21	1.51	0.63	251.83		
605	20.02	-	4.53	8.59	3.45	1.36	1.52	0.64	249.94		
606	20.05	-	4.42	8.63	3.42	1.24	1.51	0.63	251.01		
607	20.08	-	4.39	8.50	3.38	1.28	1.47	0.58	246.51		
608	20.12	S	4.54	8.63	5.38	2.05	1.51	0.61	240.52		
609	20.15	-	4.56	8.66	3.48	1.31	1.44	0.60	243.78		
610	20.18	-	4.55	8.52	3.37	1.37	1.34	0.63	242.17		
611	20.22	-	4.67	8.74	3.50	1.34	1.19	0.68	230.87		
612	20.25	-	4.63	8.72	3.49	1.31	1.36	0.65	241.54		
613	20.28	-	4.64	8.80	3.53	1.29	1.40	0.68	246.12		
614	20.32	-	4.63	8.78	3.53	1.30	1.60	0.73	254.49		
615	20.35	D	4.56	8.76	5.52	1.98	1.40	0.78	242.94		
616	20.38	-	4.67	8.88	3.57	1.29	1.43	0.80	258.58		
617	20.42	-	4.67	8.91	3.53	1.31	1.61	0.83	262.28		
618	20.45	-	4.51	8.86	3.56	1.24	1.51	0.83	256.60		
619	20.48	-	4.48	8.85	3.48	1.22	1.47	0.87	253.84		
620	20.51	-	4.68	8.90	3.50	1.29	1.40	0.78	257.74		
621	20.55	S	4.55	8.73	3.49	1.31	1.31	0.85	260.31		
622	20.58	-	4.64	8.85	3.53	1.32	1.29	0.75	252.45		
623	20.61	-	4.80	8.93	3.55	1.37	1.44	0.83	264.96		
624	20.65	-	4.78	9.02	3.60	1.31	1.53	0.79	262.05		
625	20.68	-	4.80	9.00	3.60	1.31	1.72	0.84	266.34		
626	20.71	-	4.69	8.83	3.58	1.37	1.70	0.92	272.60		
627	20.75	D	4.71	8.92	5.65	2.05	1.41	0.92	266.93		
628	20.78	-	4.78	8.83	3.63	1.45	1.64	0.99	281.19		
629	20.81	-	4.62	8.81	3.60	1.36	1.62	0.94	276.53		
630	20.85	-	4.77	9.03	3.70	1.33	1.58	0.99	277.16		
631	20.88	-	4.71	8.85	3.66	1.41	1.62	1.01	281.11		
632	20.91	-	4.71	8.84	3.60	1.40	1.47	0.97	283.76		
633	20.94	S	4.91	8.96	3.64	1.46	1.65	0.95	276.73		
634	20.98	-	4.94	9.02	3.63	1.46	1.48	0.90	279.82		
635	21.01	-	4.78	8.96	3.64	1.33	1.58	0.94	275.70		
636	21.04	-	4.83	9.03	3.64	1.31	1.52	0.92	275.08		
637	21.08	-	4.63	8.88	3.57	1.24	1.89	0.86	260.87		
638	21.11	D	4.72	8.92	5.60	2.02	1.55	0.99	277.07		
639	21.14	-	4.61	8.89	3.54	1.21	1.65	0.86	257.51		
640	21.18	-	4.53	8.85	3.55	1.20	1.50	0.83	250.54		
641	21.21	-	4.57	8.79	3.56	1.28	1.54	0.96	273.73		
642	21.24	-	4.37	8.71	3.54	1.20	1.55	0.94	264.62		
643	21.28	-	4.39	8.77	3.57	1.17	1.45	0.94	269.27		
644	21.31	-	4.25	8.61	3.53	1.17	1.48	0.94	268.46		
645	21.34	S	4.45	8.76	3.63	1.24	1.56	0.99	273.64		
646	21.37	-	4.49	8.82	3.56	1.19	1.50	0.95	268.94		
647	21.41	-	4.66	8.77	3.53	1.34	1.51	0.98	272.05		
648	21.44	-	4.82	9.03	3.56	1.26	1.42	0.87	264.61		
649	21.47	-	4.53	8.92	3.56	1.13	1.31	0.91	261.58		
650	21.51	-	4.56	8.94	3.56	1.13	1.48	1.00	264.79		
651	21.54	D	4.32	8.80	5.52	1.68	1.35	0.97	255.62		
652	21.57	-	4.47	8.85	3.52	1.14	1.41	1.03	263.86		
653	21.61	-	4.20	8.77	3.51	1.02	1.29	0.96	262.52		
654	21.64	-	4.10	8.61	3.46	1.07	1.34	1.01	263.22		
655	21.67	-	4.18	8.62	3.49	1.11	1.45	1.07	263.29		
656	21.70	-	4.11	8.57	3.48	1.11	1.31	1.05	267.97		
657	21.74	-	4.06	8.59	3.52	1.07	1.42	1.08	263.41		
658	21.77	-	4.17	8.67	3.47	1.07	1.32	0.95	262.69		
659	21.80	S	4.20	8.60	3.47	1.17	1.40	1.05	263.68		
660	21.84	-	4.12	8.64	3.50	1.04	1.32	1.00	266.01		
661	21.87	-	3.90	8.45	3.43	1.03	1.31	1.03	263.76		
662	21.90	-	3.87	8.42	3.50	1.07	1.52	0.94	259.44		
663	21.94	-	3.56	8.24	3.51	1.06	1.51	1.00	265.47		
664	21.97	-	3.38	8.22	3.53	0.95	1.37	0.97	266.09		
665	22.00	-	3.40	8.22	3.48	0.97	1.32	0.96	268.05		
666	22.04	D	3.19	8.10	5.44	1.51	1.46	1.04	267.91		
667	22.07	-	3.28	7.99	3.39	1.03	1.41	0.87	263.14		
668	22.10	-	3.64	8.30	3.47	1.03	1.42	0.90	267.89		
669	22.13	-	3.86	8.53	3.48	0.96	1.42	0.97	271.28		
670	22.17	-	3.95	8.54	3.53	1.04	1.49	1.06	269.25		
671	22.20	-	4.10	8.60	3.49	1.07	1.50	1.02	268.30		
672	22.23	-	4.14	8.67	3.55	1.06	1.50	1.10	273.75		
673	22.27	S	4.25	8.68	3.57	1.16	1.37	0.98	270.29		
674	22.30	-	4.29	8.70	3.51	1.14	1.38	0.99	264.28		
675	22.33	-	4.26	8.72	3.52	1.10	1.53	1.00	261.66		
676	22.37	-	4.25	8.76	3.59	1.11	1.53	0.99	264.19		
677	22.40	-	4.19	8.74	3.57	1.08	1.31	0.88	261.59		
678	22.43	-	4.21	8.69	3.59	1.10	1.14	0.82	284.48		
679	22.46	-	4.24	8.72	3.57	1.14	1.52	1.23	274.26		
680	22.50	D	4.19	8.65	5.50	1.77	1.27	1.01	269.46		
681	22.53	-	4.31	8.82	3.63	1.15	1.25	0.99	271.13		
682	22.56	-	4.27	8.80	3.59	1.13	1.35	0.96	269.17		
683	22.60	-	4.15	8.62	3.49	1.10	1.30	0.96	270.51		
684	22.63	-	4.10	8.73	3.56	1.04	1.32	1.06	270.74		
685	22.66	-	4.18	8.57	3.51	1.14	1.29	0.96	269.41		
686	22.70	S	4.19	8.63	3.46	1.12	1.34	0.96	265.61		
687	22.73	-	4.26	8.66	3.52	1.18	1.25	0.94	271.40		
688	22.76	-	4.05	8.63	3.54	1.03	1.27	0.87	269.05		
689	22.80	-	4.00	8.75	3.50	0.99	1.27	0.84	271.60		
690	22.83	-	4.06	8.70	3.48	1.06	1.40	0.84	251.99		
691	22.86	-	4.11	8.72	3.48	1.06	1.33	0.85	257.66		
692	22.89	-	4.09	8.74	3.49	1.07	1.35	0.89	260.37		
693	22.93	D	4.10	8.60	3.50	1.19	1.48	0.97	262.18		
694	22.96	-	3.84	8.44	3.50	1.07	1.36	0.98	262.56		
695	22.99	-	4.10	8.57	3.55	1.23	1.37	0.98	263.97		
696	23.03	-	4.15	8.62	3.48	1.14	1.40	0.94	259.81		
697	23.06	-	3.95	8.50	3.46	1.08	1.37	1.01	260.86		
698	23.09	-	4.22	8.71	3.52	1.19	1.22	0.87	282.65		
699	23.13	S	4.28	8.78	3.55	1.21	1.30	0.91	266.41		
700	23.16	-	3.92	8.51	3.52	1.13	1.10	0.97	276.83		
701	23.19	-	3.98	8.64	3.56	1.11	1.34	0.88	263.37		
702	23.23	-	3.98	8.85	3.65	1.14	1.34	0.91	259.87		
703	23.26	-	4.02	8.75	3.65	1.23	1.38	0.89	260.88		
704	23.29	-	3.85	8.83	3.67	1.03	1.27	0.91	258.30		
705	23.32	-	3.85	8.61	3.55	1.20	1.23	0.88	264.43		
706	23.36	D	4.30	8.79	3.65	1.35	1.42	0.92	257.68		
707	23.39	-	4.48	8.94	3.77	1.43	1.43	0.92	260.68		
708	23.42	-	3.95	8.65	3.68	1.24	1.48	0.93	263.96		
709	23.46	-	3.72	8.64	3.70	1.17	1.53	0.93	264.14		
710	23.49	-	3.37	8.44	3.57	1.08	1.23	0.94	269.85		
711	23.52	-	3.37	8.70	3.63	1.14	1.45	0.92	262.75		
712	23.56	S	3.31	8.67	3.60	1.09	1.29	0.95	267.31		
713	23.59	-	3.26	8.69	3.63	1.05	1.46	0.89	268.42		
714	23.62	-	3.53	8.87	3.68	1.24	1.53	0.86	267.38		
715	23.65	-	7.50	10.22	3.78	2.66	1.42	0.80	276.63		
716	23.69	-	7.47	10.31	3.72	2.58	1.45	0.94	275.90		
717	23.72	-	6.44	9.67	3.72	2.13	1.74	0.77	266.46		
718	23.75	-	6.08	9.43	3.72	2.10	1.77	0.76	266.60		
719	23.79	D	6.34	9.71	6.07	3.23	1.88	0.75	266.74		
720	23.82	-	5.95	9.27	3.61	2.04	1.77	0.81	269.36		
721	23.85	-	5.84	9.41	3.75	1.85	2.03	0.78	265.47		
722	23.89	-	5.61	8.83	3.31	2.03	1.63	0.87	266.20		
723	23.92	-	6.30	9.61	3.58	2.38	1.50	0.82	271.37		
724	23.95	-	5.47	8.64	3.22	2.11	1.53	0.90	259.93		
725	23.99	-	4.93	8.54	3.23	1.67	1.93	0.89	259.09		
726	24.02	S	4.76	8.40	3.15	1.69	1.87	0.81	261.90		
727	24.05	-	2.58	8.17	3.67	0.78	2.35	0.70	259.55		
728	24.08	-	4.86	9.10	3.55	1.43	2.49	0.47	251.47		
729	24.12	-	5.32	9.44	3.56	1.58	2.24	0.66	262.70		
730	24.15	-	4.97	9.06	3.65	1.55	2.36	0.44	247.33		
731	24.18	-	4.75	9.14	3.59	1.64	2.20	0.55	257.46		
732	24.22	-	5.61	9.33	3.68	1.75	2.10	0.44	255.31		
733	24.25	-	5.61	9.35	3.83	1.74	2.20	0.54	257.37		
734	24.28	-	2.71	8.42	3.72	0.86	2.17	0.55	255.68		
