frame	position	phase	lumen_area	lumen_circumf	longest_distance	shortest_distance	elliptic_ratio	vector_length	vector_angle	measurement_1	measurement_2	pullback_speed	pullback_start_frame	frame_rate
1	0.00	-	7.72	9.87	3.25	3.00	1.08	0.82	167.42			1.00	115.00	30.00
2	0.03	-	7.66	9.84	3.23	2.99	1.08	0.80	164.97					
3	0.07	-	7.42	9.69	3.21	2.93	1.09	0.77	160.15					
4	0.10	-	7.48	9.74	3.21	2.93	1.10	0.78	159.77					
5	0.13	-	6.95	9.41	3.16	2.89	1.10	0.81	162.53					
6	0.17	-	7.12	9.54	3.12	2.92	1.07	0.87	164.73					
7	0.20	-	6.69	9.23	2.99	2.79	1.07	0.87	168.07					
8	0.24	-	6.55	9.10	2.95	2.84	1.04	0.84	177.53					
9	0.27	-	6.17	8.85	2.90	2.66	1.09	0.90	187.81					
10	0.30	-	5.78	8.55	2.84	2.61	1.09	0.90	198.47					
11	0.34	-	6.10	8.80	2.92	2.66	1.10	0.87	190.48					
12	0.37	-	7.21	9.57	3.13	2.91	1.08	0.85	176.90					
13	0.40	-	7.83	9.95	3.27	3.05	1.07	0.81	171.22					
14	0.44	-	7.43	9.69	3.20	2.94	1.09	0.78	169.67					
15	0.47	-	7.36	9.66	3.21	2.89	1.11	0.77	169.10					
16	0.50	-	7.22	9.56	3.21	2.87	1.12	0.77	169.39					
17	0.54	-	7.10	9.49	3.17	2.85	1.11	0.81	169.19					
18	0.57	-	6.99	9.40	3.06	2.89	1.06	0.88	171.25					
19	0.61	-	6.39	9.06	2.98	2.66	1.12	0.91	180.84					
20	0.64	-	5.86	8.64	2.88	2.56	1.13	0.89	192.55					
21	0.67	-	6.17	8.88	2.97	2.61	1.14	0.91	199.96					
22	0.71	-	6.10	8.82	2.91	2.62	1.11	0.92	201.16					
23	0.74	-	6.39	8.99	2.97	2.73	1.09	0.90	192.45					
24	0.77	-	6.94	9.37	3.05	2.84	1.07	0.85	181.14					
25	0.81	-	7.86	9.97	3.27	3.04	1.07	0.83	174.01					
26	0.84	-	7.64	9.83	3.27	2.99	1.09	0.79	170.88					
27	0.87	-	7.43	9.70	3.23	2.93	1.10	0.79	171.17					
28	0.91	-	7.42	9.69	3.22	2.92	1.10	0.79	175.03					
29	0.94	-	6.80	9.27	3.04	2.88	1.06	0.83	174.44					
30	0.98	-	6.59	9.16	2.97	2.81	1.06	0.88	178.47					
31	1.01	-	6.75	9.29	3.01	2.83	1.07	0.91	184.74					
32	1.04	-	6.27	8.93	2.91	2.70	1.08	0.96	202.44					
33	1.08	-	5.76	8.55	2.85	2.56	1.11	0.90	202.75					
34	1.11	-	5.83	8.62	2.88	2.53	1.14	0.92	205.48					
35	1.14	-	6.79	9.27	3.00	2.86	1.05	0.81	189.65					
36	1.18	-	7.86	9.97	3.27	3.08	1.06	0.80	178.94					
37	1.21	-	7.67	9.84	3.27	3.06	1.07	0.78	179.55					
38	1.25	-	7.78	9.92	3.28	3.02	1.09	0.75	172.94					
39	1.28	-	7.50	9.74	3.24	2.96	1.10	0.79	174.21					
40	1.31	-	7.61	9.83	3.29	2.92	1.13	0.78	173.86					
41	1.35	-	7.25	9.58	3.17	2.95	1.07	0.84	174.17					
42	1.38	-	6.86	9.34	3.06	2.81	1.09	0.88	174.45					
43	1.41	-	6.54	9.14	3.01	2.72	1.11	0.92	182.76					
44	1.45	-	5.96	8.73	2.92	2.52	1.16	0.90	193.31					
45	1.48	-	5.79	8.59	2.86	2.52	1.14	0.90	199.79					
46	1.51	-	5.91	8.67	2.90	2.55	1.14	0.90	200.96					
47	1.55	-	7.42	9.70	3.22	2.94	1.10	0.76	175.34					
48	1.58	-	7.61	9.79	3.24	3.00	1.08	0.75	169.86					
49	1.62	-	7.50	9.73	3.25	2.96	1.10	0.73	169.23					
50	1.65	-	7.58	9.79	3.30	2.93	1.13	0.76	163.06					
51	1.68	-	7.05	9.45	3.18	2.83	1.12	0.73	161.54					
52	1.72	-	6.99	9.40	3.12	2.88	1.08	0.74	160.80					
53	1.75	-	6.19	8.88	2.87	2.75	1.04	0.78	161.80					
54	1.78	-	6.78	9.25	3.03	2.83	1.07	0.81	161.59					
55	1.82	-	6.08	8.76	2.89	2.71	1.06	0.77	168.74					
56	1.85	-	6.32	9.88	3.70	2.54	1.46	1.02	196.50					
57	1.88	-	5.94	8.77	3.09	2.56	1.21	0.82	202.06					
58	1.92	-	5.11	8.06	2.73	2.39	1.14	0.76	193.03					
59	1.95	-	6.53	9.08	2.95	2.81	1.05	0.72	174.93					
60	1.99	-	6.45	9.03	3.00	2.78	1.08	0.77	176.05					
61	2.02	-	7.26	9.57	3.15	2.91	1.08	0.80	173.87					
62	2.05	-	7.64	10.11	3.74	2.74	1.36	0.94	181.25					
63	2.09	-	7.64	9.89	3.48	2.84	1.23	0.88	178.94					
64	2.12	-	7.24	9.70	3.51	2.65	1.32	0.84	183.06					
65	2.15	-	7.28	9.68	3.44	2.73	1.26	0.87	180.38					
66	2.19	-	7.48	10.18	3.97	2.52	1.58	0.99	197.05					
67	2.22	-	6.30	9.08	3.31	2.54	1.31	0.93	206.49					
68	2.26	-	7.01	9.54	3.43	2.63	1.31	0.87	213.12					
69	2.29	-	6.43	9.05	3.09	2.61	1.18	0.84	215.72					
70	2.32	-	6.59	9.22	3.31	2.71	1.22	0.75	204.81					
71	2.36	-	6.75	9.26	3.18	2.77	1.15	0.78	197.49					
72	2.39	-	8.39	10.97	4.35	2.61	1.67	1.19	201.76					
73	2.42	-	8.54	11.26	4.45	2.60	1.71	1.25	200.13					
74	2.46	-	7.04	9.54	3.45	2.69	1.28	0.86	198.77					
75	2.49	-	7.44	9.85	3.61	2.68	1.34	0.84	198.96					
76	2.52	-	7.29	9.79	3.63	2.64	1.38	0.84	198.55					
77	2.56	-	7.13	9.70	3.63	2.61	1.39	0.86	200.86					
78	2.59	-	5.62	8.54	3.04	2.46	1.24	0.78	210.07					
79	2.63	-	5.65	8.54	2.99	2.46	1.21	0.80	223.62					
80	2.66	-	6.00	8.76	3.08	2.52	1.22	0.81	230.46					
81	2.69	-	5.53	8.42	3.00	2.40	1.25	0.78	232.66					
82	2.73	-	6.70	9.23	3.17	2.69	1.18	0.79	223.64					
83	2.76	-	7.17	9.60	3.32	2.70	1.23	0.77	211.07					
84	2.79	-	7.88	10.20	3.81	2.69	1.42	0.95	213.78					
85	2.83	-	6.98	9.44	3.27	2.68	1.22	0.82	213.06					
86	2.86	-	7.55	9.85	3.50	2.78	1.26	0.88	209.22					
87	2.89	-	7.34	9.71	3.44	2.70	1.28	0.85	211.17					
88	2.93	-	7.17	9.64	3.49	2.71	1.29	0.97	211.25					
89	2.96	-	6.95	9.51	3.49	2.64	1.32	0.92	210.75					
90	3.00	-	5.60	8.48	3.00	2.46	1.22	0.84	215.76					
91	3.03	-	5.99	8.78	3.06	2.47	1.24	0.86	235.57					
92	3.06	-	5.87	8.65	2.99	2.48	1.20	0.88	236.66					
93	3.10	-	5.95	8.70	3.00	2.54	1.18	0.86	242.66					
94	3.13	-	6.06	8.78	2.97	2.54	1.17	0.80	231.17					
95	3.16	-	6.86	9.37	3.27	2.67	1.22	0.78	217.28					
96	3.20	-	6.22	8.86	2.98	2.70	1.11	0.78	213.22					
97	3.23	-	7.55	9.77	3.31	2.94	1.13	0.86	208.41					
98	3.27	-	8.25	10.20	3.41	3.11	1.10	0.84	205.39					
99	3.30	-	8.73	10.50	3.54	3.16	1.12	0.87	204.92					
100	3.33	-	8.71	10.49	3.51	3.14	1.12	0.88	202.10					
101	3.37	-	8.85	10.60	3.57	3.10	1.15	0.90	205.68					
102	3.40	-	8.30	10.28	3.52	3.03	1.16	0.84	207.83					
103	3.43	-	8.41	10.29	3.34	3.22	1.04	0.84	224.66					
104	3.47	-	7.94	10.02	3.28	3.12	1.05	0.90	233.90					
105	3.50	-	8.52	10.36	3.41	3.20	1.07	0.88	237.25					
106	3.53	-	8.68	10.46	3.45	3.22	1.07	0.91	224.61					
107	3.57	-	9.09	10.70	3.51	3.31	1.06	0.88	214.68					
108	3.60	-	8.79	10.51	3.38	3.33	1.02	0.85	211.59					
109	3.64	-	8.86	10.56	3.43	3.29	1.04	0.81	209.17					
110	3.67	-	8.80	10.54	3.46	3.26	1.06	0.73	206.79					
111	3.70	-	8.50	10.35	3.37	3.22	1.05	0.70	214.57					
112	3.74	-	8.62	10.42	3.44	3.20	1.08	0.74	209.90					
113	3.77	-	8.66	10.45	3.41	3.24	1.05	0.72	219.03					
114	3.80	-	8.12	10.11	3.25	3.18	1.02	0.72	222.69					
115	3.84	-	7.89	10.03	3.32	3.08	1.08	0.76	235.92					
116	3.87	-	7.55	9.79	3.29	2.98	1.10	0.85	247.84					
117	3.90	-	8.85	10.58	3.47	3.24	1.07	0.89	240.30					
118	3.94	-	8.70	10.47	3.39	3.25	1.04	0.86	227.37					
119	3.97	-	8.43	10.29	3.34	3.20	1.04	0.86	222.59					
120	4.01	-	8.19	10.17	3.40	3.09	1.10	0.83	218.29					
121	4.04	-	8.41	10.31	3.44	3.15	1.09	0.72	213.74					
122	4.07	-	8.20	10.17	3.40	3.09	1.10	0.68	212.13					
123	4.11	-	8.18	10.17	3.41	3.06	1.11	0.63	218.85					
124	4.14	-	8.51	10.37	3.46	3.12	1.11	0.67	216.97					
125	4.17	-	8.46	10.32	3.38	3.20	1.06	0.67	227.78					
126	4.21	-	7.68	9.83	3.18	3.09	1.03	0.72	237.19					
127	4.24	-	8.69	10.48	3.43	3.22	1.06	0.72	248.15					
128	4.27	-	7.89	9.98	3.30	3.04	1.09	0.82	252.41					
129	4.31	-	8.82	10.57	3.54	3.17	1.12	0.84	249.71					
130	4.34	-	8.74	10.53	3.58	3.10	1.15	0.89	234.46					
131	4.38	-	8.53	10.40	3.53	3.07	1.15	0.84	232.90					
132	4.41	-	7.86	10.01	3.46	2.89	1.19	0.78	230.68					
133	4.44	-	8.30	10.27	3.55	3.01	1.18	0.65	229.18					
134	4.48	-	8.55	10.42	3.57	3.05	1.17	0.64	231.45					
135	4.51	-	8.32	10.29	3.57	2.99	1.19	0.63	233.07					
136	4.54	-	8.40	10.32	3.55	3.04	1.17	0.62	230.34					
137	4.58	-	7.93	10.03	3.43	2.96	1.16	0.65	237.89					
138	4.61	-	7.51	9.74	3.23	3.00	1.08	0.65	252.91					
139	4.65	-	7.27	9.59	3.19	2.85	1.12	0.80	261.58					
140	4.68	-	7.76	9.89	3.22	3.07	1.05	0.80	262.88					
141	4.71	-	8.41	10.31	3.47	3.08	1.13	0.86	256.62					
142	4.75	-	7.87	10.00	3.34	2.97	1.12	0.85	237.90					
143	4.78	-	8.26	10.23	3.47	3.05	1.14	0.76	233.78					
144	4.81	-	8.56	10.44	3.61	3.01	1.20	0.70	233.27					
145	4.85	-	8.76	10.59	3.73	2.98	1.25	0.62	237.79					
146	4.88	-	8.59	10.47	3.64	2.96	1.23	0.62	234.93					
147	4.91	-	8.52	10.42	3.61	3.01	1.20	0.57	237.96					
148	4.95	-	8.80	10.57	3.60	3.06	1.18	0.61	235.73					
149	4.98	-	9.08	10.74	3.63	3.16	1.15	0.69	243.42					
150	5.02	-	8.06	10.13	3.40	2.95	1.15	0.79	251.30					
151	5.05	-	7.57	9.80	3.26	2.88	1.13	0.95	256.11					
152	5.08	-	7.76	9.90	3.23	3.01	1.07	0.91	254.93					
153	5.12	-	8.60	10.45	3.51	3.04	1.15	0.90	250.39					
154	5.15	-	8.60	10.46	3.57	3.01	1.19	0.89	238.72					
155	5.18	-	8.86	10.62	3.68	3.03	1.21	0.80	237.82					
156	5.22	-	8.88	10.66	3.68	2.98	1.24	0.75	237.00					
157	5.25	-	9.19	10.85	3.74	3.04	1.23	0.74	237.47					
158	5.28	-	8.96	10.71	3.69	3.00	1.23	0.69	239.80					
159	5.32	-	9.07	10.76	3.72	3.05	1.22	0.73	237.95					
160	5.35	-	8.95	10.69	3.70	3.02	1.22	0.79	240.25					
161	5.39	-	8.47	10.38	3.53	2.97	1.19	0.79	239.28					
162	5.42	-	8.33	10.30	3.54	2.98	1.19	0.89	252.76					
163	5.45	-	7.79	9.93	3.37	2.98	1.13	0.99	261.79					
164	5.49	-	8.13	10.13	3.33	3.09	1.08	0.98	255.86					
165	5.52	-	8.03	10.07	3.35	3.01	1.11	0.89	247.21					
166	5.55	-	8.30	10.26	3.48	2.96	1.18	0.88	235.71					
167	5.59	-	8.35	10.32	3.60	2.95	1.22	0.79	238.03					
168	5.62	-	8.81	10.61	3.65	2.98	1.22	0.73	236.51					
169	5.66	-	8.81	10.59	3.63	3.02	1.20	0.71	238.04					
170	5.69	-	9.19	10.86	3.72	3.03	1.23	0.73	238.66					
171	5.72	-	9.11	10.78	3.72	3.04	1.22	0.73	239.34					
172	5.76	-	9.14	10.78	3.68	3.08	1.20	0.81	240.08					
173	5.79	-	7.81	9.97	3.41	2.91	1.17	0.85	246.76					
174	5.82	-	9.01	10.68	3.65	3.16	1.15	1.00	264.84					
175	5.86	-	7.19	9.54	3.09	2.91	1.06	0.88	262.22					
176	5.89	-	8.70	10.52	3.51	3.06	1.15	0.98	262.56					
177	5.92	-	8.29	10.25	3.46	3.09	1.12	0.92	248.67					
178	5.96	-	8.68	10.50	3.56	3.07	1.16	0.94	241.35					
179	5.99	-	9.38	10.94	3.79	3.11	1.22	0.93	243.42					
180	6.03	-	9.46	11.04	3.81	3.06	1.25	0.89	246.72					
181	6.06	-	10.14	11.43	3.89	3.23	1.20	0.91	248.42					
182	6.09	-	9.35	10.97	3.78	3.11	1.21	0.87	250.01					
183	6.13	-	10.59	11.67	3.95	3.33	1.18	0.90	250.06					
184	6.16	-	8.15	10.20	3.50	2.88	1.22	0.83	248.12					
185	6.19	-	8.38	10.36	3.59	2.87	1.25	0.94	263.67					
186	6.23	-	9.26	10.86	3.74	3.15	1.19	1.17	276.75					
187	6.26	-	6.86	9.35	3.12	2.76	1.13	0.96	269.64					
188	6.29	-	8.84	10.60	3.55	3.05	1.16	1.01	269.41					
189	6.33	-	8.98	10.72	3.75	3.06	1.22	1.04	258.17					
190	6.36	-	9.42	10.97	3.83	3.09	1.24	1.04	255.69					
191	6.40	-	9.93	11.32	3.93	3.06	1.28	0.98	251.72					
192	6.43	-	11.31	12.20	4.16	3.27	1.27	1.10	252.72					
193	6.46	-	12.24	12.80	4.42	3.45	1.28	1.16	248.47					
194	6.50	-	12.95	13.25	4.69	3.44	1.36	1.24	248.41					
195	6.53	-	11.74	12.29	4.25	3.54	1.20	1.08	252.73					
196	6.56	-	9.50	11.03	3.81	3.12	1.22	1.01	256.41					
197	6.60	-	9.84	11.24	3.78	3.19	1.18	1.15	265.71					
198	6.63	-	11.17	12.01	4.18	3.40	1.23	1.49	275.00					
199	6.66	-	9.22	11.11	4.12	2.87	1.43	1.46	271.23					
200	6.70	-	11.55	12.15	3.95	3.77	1.05	1.38	271.20					
201	6.73	-	11.17	11.99	4.18	3.45	1.21	1.50	259.36					
202	6.77	-	12.83	13.18	4.73	3.53	1.34	1.57	251.48					
203	6.80	-	13.01	13.16	4.56	3.64	1.25	1.43	249.30					
204	6.83	-	13.69	13.72	4.87	3.62	1.35	1.46	246.31					
205	6.87	-	14.54	14.11	5.14	3.78	1.36	1.44	244.81					
206	6.90	-	14.06	13.71	4.92	3.84	1.28	1.29	246.04					
207	6.93	-	14.08	13.52	4.74	3.94	1.20	1.15	251.16					
208	6.97	-	10.24	11.44	3.72	3.38	1.10	1.11	258.46					
209	7.00	-	12.26	12.48	4.26	3.72	1.15	1.17	267.70					
210	7.04	-	10.22	11.41	3.70	3.52	1.05	1.38	278.91					
211	7.07	-	9.86	11.26	3.85	3.27	1.18	1.50	273.08					
212	7.10	-	12.81	12.79	4.29	3.85	1.12	1.43	271.07					
213	7.14	-	12.61	12.67	4.09	3.94	1.04	1.53	257.81					
214	7.17	-	13.84	13.34	4.52	3.96	1.14	1.51	253.84					
215	7.20	-	13.53	13.19	4.46	3.89	1.15	1.37	253.58					
216	7.24	-	14.03	13.51	4.65	3.95	1.18	1.18	254.38					
217	7.27	-	13.78	13.91	4.98	3.80	1.31	1.21	258.26					
218	7.30	-	11.99	12.30	4.08	3.78	1.08	0.93	270.07					
219	7.34	-	11.85	12.29	4.02	3.75	1.07	0.95	271.83					
220	7.37	-	10.33	11.46	3.83	3.38	1.13	1.06	287.92					
221	7.41	-	10.90	11.80	3.87	3.55	1.09	1.15	302.55					
222	7.44	-	9.32	10.87	3.66	3.18	1.15	1.26	307.99					
223	7.47	-	9.44	10.99	3.67	3.13	1.18	1.30	304.38					
224	7.51	-	11.63	12.21	3.97	3.74	1.06	1.34	284.39					
225	7.54	-	10.51	11.59	4.01	3.45	1.16	1.29	278.69					
226	7.57	-	11.66	12.25	4.23	3.59	1.18	1.19	276.17					
227	7.61	-	11.76	12.28	4.29	3.67	1.17	1.06	282.69					
228	7.64	-	10.53	11.69	4.06	3.37	1.20	1.03	290.87					
229	7.67	-	10.31	11.57	4.13	3.26	1.27	0.99	296.27					
230	7.71	-	10.48	11.58	4.09	3.31	1.24	0.96	296.50					
231	7.74	-	9.68	11.05	3.66	3.35	1.09	1.07	297.92					
232	7.78	-	9.45	10.93	3.66	3.29	1.11	1.08	303.61					
233	7.81	-	9.94	11.21	3.73	3.35	1.11	1.11	318.19					
234	7.84	-	9.59	11.07	3.81	3.16	1.21	1.15	315.32					
235	7.88	-	9.72	11.10	3.77	3.36	1.12	1.17	318.26					
236	7.91	-	10.21	11.37	3.80	3.39	1.12	1.27	299.68					
237	7.94	-	8.89	10.63	3.61	3.08	1.17	1.33	302.38					
238	7.98	-	10.31	11.44	3.87	3.37	1.15	1.26	304.80					
239	8.01	-	10.38	11.46	3.79	3.44	1.10	1.20	306.31					
240	8.05	-	11.42	12.22	4.27	3.43	1.24	1.06	306.12					
241	8.08	-	10.78	11.99	4.30	3.34	1.29	0.99	308.68					
242	8.11	-	10.71	11.69	3.89	3.43	1.13	1.07	310.65					
243	8.15	-	10.48	11.53	3.82	3.47	1.10	1.07	311.86					
244	8.18	-	9.68	11.07	3.70	3.33	1.11	1.18	320.21					
245	8.21	-	9.48	11.07	3.87	3.14	1.23	1.19	332.34					
246	8.25	-	9.20	10.90	3.80	3.04	1.25	1.25	331.70					
247	8.28	-	9.09	10.77	3.66	3.11	1.18	1.22	330.12					
248	8.31	-	8.69	10.57	3.71	2.95	1.26	1.30	312.20					
249	8.35	-	9.01	10.74	3.73	3.11	1.20	1.35	309.61					
250	8.38	-	9.73	11.12	3.76	3.32	1.13	1.39	315.65					
251	8.42	-	10.16	11.37	3.84	3.37	1.14	1.33	315.90					
252	8.45	-	10.95	11.77	3.89	3.63	1.07	1.24	313.57					
253	8.48	-	10.74	11.68	3.89	3.51	1.11	1.24	316.72					
254	8.52	-	10.98	11.80	3.89	3.55	1.10	1.15	317.53					
255	8.55	-	10.94	11.76	3.88	3.59	1.08	1.19	317.43					
256	8.58	-	10.90	11.77	4.00	3.53	1.13	1.20	322.24					
257	8.62	-	9.91	11.26	3.92	3.25	1.20	1.24	330.72					
258	8.65	-	9.57	11.13	3.90	3.04	1.28	1.17	327.49					
259	8.69	-	10.52	11.64	4.09	3.29	1.24	1.19	329.41					
260	8.72	-	9.59	11.13	3.91	3.24	1.21	1.25	301.41					
261	8.75	-	10.26	11.48	4.02	3.33	1.21	1.25	300.50					
262	8.79	-	10.89	11.76	3.92	3.46	1.13	1.27	307.24					
263	8.82	-	11.11	11.86	3.96	3.58	1.11	1.25	309.63					
264	8.85	-	11.30	11.97	4.03	3.56	1.13	1.23	312.40					
265	8.89	-	10.71	11.66	3.89	3.45	1.13	1.12	320.45					
266	8.92	-	10.85	11.72	3.94	3.45	1.14	1.17	313.11					
267	8.95	-	11.11	11.86	3.91	3.62	1.08	1.15	313.92					
268	8.99	-	10.86	11.76	4.00	3.42	1.17	1.25	318.84					
269	9.02	-	10.52	11.56	3.90	3.39	1.15	1.10	325.69					
270	9.06	-	10.41	11.51	3.98	3.34	1.19	1.17	321.04					
271	9.09	-	11.23	11.94	4.03	3.58	1.13	1.17	313.02					
272	9.12	-	10.12	11.36	3.89	3.28	1.18	1.22	301.62					
273	9.16	-	9.79	11.13	3.74	3.31	1.13	1.18	303.61					
274	9.19	-	11.19	11.92	3.99	3.49	1.14	1.20	308.67					
275	9.22	-	10.81	11.75	3.88	3.37	1.15	1.12	312.25					
276	9.26	-	11.33	12.02	4.04	3.46	1.17	1.16	312.67					
277	9.29	-	11.04	11.87	3.96	3.42	1.16	1.15	314.89					
278	9.32	-	10.99	11.80	3.94	3.51	1.12	1.16	310.47					
279	9.36	-	11.43	12.04	4.04	3.61	1.12	1.16	312.72					
280	9.39	-	10.30	11.45	3.88	3.30	1.18	1.17	318.18					
281	9.43	-	10.43	11.54	3.92	3.33	1.18	1.12	323.03					
282	9.46	-	10.74	11.68	3.95	3.43	1.15	1.13	325.93					
283	9.49	-	11.18	11.94	4.10	3.47	1.18	1.16	312.96					
284	9.53	-	10.54	11.59	3.97	3.34	1.19	1.24	302.11					
285	9.56	-	11.20	11.96	4.05	3.38	1.20	1.29	304.45					
286	9.59	-	10.50	11.55	3.88	3.37	1.15	1.18	308.13					
287	9.63	-	11.18	11.96	4.09	3.39	1.21	1.14	311.24					
288	9.66	-	11.28	12.00	4.10	3.41	1.20	1.14	314.46					
289	9.70	-	10.86	11.79	4.08	3.37	1.21	1.05	318.66					
290	9.73	-	10.82	11.74	3.97	3.41	1.17	1.06	316.70					
291	9.76	-	11.13	11.91	4.00	3.47	1.15	1.08	318.15					
292	9.80	-	11.07	11.91	3.99	3.42	1.17	1.17	325.01					
293	9.83	-	10.86	11.75	4.03	3.40	1.18	1.07	329.38					
294	9.86	-	10.83	11.73	3.98	3.45	1.15	1.16	329.56					
295	9.90	-	11.45	12.07	4.12	3.46	1.19	1.18	322.82					
296	9.93	-	11.60	12.16	4.12	3.53	1.17	1.26	307.03					
297	9.96	-	11.05	11.91	4.13	3.31	1.25	1.25	308.69					
298	10.00	-	11.49	12.08	4.05	3.55	1.14	1.19	316.43					
299	10.03	-	11.82	12.28	4.19	3.53	1.19	1.16	319.47					
300	10.07	-	12.04	12.41	4.19	3.56	1.18	1.19	326.33					
301	10.10	-	11.47	12.09	4.10	3.50	1.17	1.12	331.20					
302	10.13	-	11.46	12.06	4.03	3.57	1.13	1.10	328.00					
303	10.17	-	11.78	12.22	4.10	3.62	1.13	1.14	331.31					
304	10.20	-	11.74	12.22	4.17	3.60	1.16	1.15	340.17					
305	10.23	-	10.71	11.70	4.02	3.34	1.20	1.16	341.57					
306	10.27	-	11.33	12.01	4.11	3.51	1.17	1.18	343.70					
307	10.30	-	11.19	12.05	4.24	3.26	1.30	1.11	333.72					
308	10.33	-	11.64	12.15	4.11	3.58	1.15	1.13	321.36					
309	10.37	-	11.35	12.01	4.06	3.51	1.16	1.12	322.05					
310	10.40	-	11.50	12.07	4.01	3.60	1.12	1.09	323.11					
311	10.44	-	11.85	12.29	4.16	3.55	1.17	1.18	326.18					
312	10.47	-	11.66	12.21	4.20	3.48	1.21	1.16	328.56					
313	10.50	-	10.81	11.74	4.08	3.39	1.20	1.10	330.93					
314	10.54	-	11.36	12.00	4.07	3.53	1.15	1.16	329.49					
315	10.57	-	11.52	12.13	4.11	3.48	1.18	1.21	327.53					
316	10.60	-	11.23	11.93	3.98	3.54	1.12	1.20	336.86					
317	10.64	-	11.39	12.04	4.15	3.48	1.19	1.23	336.55					
318	10.67	-	11.66	12.15	4.10	3.60	1.14	1.24	334.80					
319	10.71	-	11.25	11.99	4.14	3.40	1.22	1.09	318.78					
320	10.74	-	11.17	11.94	4.08	3.41	1.20	1.18	314.82					
321	10.77	-	11.74	12.25	4.14	3.47	1.19	1.18	317.60					
322	10.81	-	11.86	12.28	4.15	3.57	1.16	1.20	319.83					
323	10.84	-	11.88	12.27	4.17	3.61	1.16	1.19	320.09					
324	10.87	-	11.47	12.09	4.19	3.50	1.20	1.16	323.74					
325	10.91	-	11.22	11.95	4.13	3.48	1.19	1.16	323.91					
326	10.94	-	11.51	12.07	4.07	3.59	1.13	1.17	323.83					
327	10.97	-	10.73	11.69	4.03	3.38	1.19	1.17	326.84					
328	11.01	-	11.95	12.27	4.01	3.76	1.07	1.17	328.31					
329	11.04	-	11.26	11.92	3.99	3.59	1.11	1.21	331.03					
330	11.08	-	12.04	12.31	4.06	3.80	1.07	1.18	328.32					
331	11.11	-	11.14	11.89	4.04	3.50	1.15	1.22	319.34					
332	11.14	-	11.66	12.13	3.99	3.68	1.08	1.24	316.44					
333	11.18	-	11.93	12.28	4.05	3.68	1.10	1.24	317.26					
334	11.21	-	11.45	12.01	3.98	3.65	1.09	1.17	318.71					
335	11.24	-	11.78	12.18	4.01	3.72	1.08	1.13	320.07					
336	11.28	-	11.36	11.99	4.06	3.58	1.13	1.13	323.60					
337	11.31	-	11.72	12.16	4.03	3.70	1.09	1.11	325.08					
338	11.35	-	11.55	12.08	4.02	3.63	1.11	1.14	325.77					
339	11.38	-	11.97	12.28	4.02	3.75	1.07	1.18	327.92					
340	11.41	-	11.92	12.25	3.96	3.81	1.04	1.17	334.36					
341	11.45	-	11.76	12.17	4.00	3.74	1.07	1.21	335.71					
342	11.48	-	11.74	12.17	4.08	3.68	1.11	1.19	332.88					
343	11.51	-	11.46	12.06	4.08	3.55	1.15	1.16	316.93					
344	11.55	-	11.61	12.10	4.03	3.66	1.10	1.23	316.10					
345	11.58	-	12.29	12.44	4.04	3.86	1.05	1.22	317.42					
346	11.61	-	11.99	12.29	4.02	3.79	1.06	1.18	324.99					
347	11.65	-	11.85	12.22	4.02	3.76	1.07	1.14	327.00					
348	11.68	-	11.93	12.26	4.02	3.73	1.08	1.14	329.24					
349	11.72	-	11.32	11.94	3.88	3.67	1.06	1.11	331.35					
350	11.75	-	12.00	12.30	4.01	3.75	1.07	1.17	330.86					
351	11.78	-	10.99	11.77	3.91	3.60	1.09	1.15	336.52					
352	11.82	-	11.38	11.96	3.84	3.77	1.02	1.13	345.59					
353	11.85	-	10.88	11.70	3.82	3.62	1.06	1.18	345.55					
354	11.88	-	11.56	12.09	4.03	3.68	1.09	1.13	344.53					
355	11.92	-	11.66	12.13	3.98	3.70	1.07	1.16	327.11					
356	11.95	-	11.91	12.24	3.96	3.81	1.04	1.16	326.19					
357	11.99	-	12.44	12.51	4.04	3.91	1.03	1.18	327.76					
358	12.02	-	12.15	12.36	4.01	3.81	1.05	1.16	330.56					
359	12.05	-	12.17	12.37	4.01	3.83	1.05	1.15	332.32					
360	12.09	-	11.83	12.20	3.93	3.80	1.04	1.15	335.40					
361	12.12	-	11.68	12.12	3.91	3.80	1.03	1.13	334.73					
362	12.15	-	11.81	12.20	3.98	3.72	1.07	1.16	335.68					
363	12.19	-	11.69	12.13	3.92	3.79	1.04	1.18	339.71					
364	12.22	-	11.53	12.05	3.88	3.80	1.02	1.17	345.65					
365	12.25	-	11.14	11.84	3.86	3.67	1.05	1.21	344.67					
366	12.29	-	11.51	12.07	4.05	3.61	1.12	1.20	342.72					
367	12.32	-	12.06	12.33	4.03	3.75	1.08	1.21	327.61					
368	12.36	-	12.30	12.45	4.03	3.78	1.07	1.21	325.68					
369	12.39	-	12.37	12.48	4.08	3.88	1.05	1.14	327.39					
370	12.42	-	11.94	12.25	3.95	3.82	1.03	1.11	327.99					
371	12.46	-	12.08	12.32	3.96	3.89	1.02	1.16	328.40					
372	12.49	-	12.29	12.43	4.02	3.88	1.04	1.16	327.93					
373	12.52	-	12.14	12.36	3.99	3.89	1.02	1.17	329.13					
374	12.56	-	11.90	12.24	3.97	3.82	1.04	1.19	329.99					
375	12.59	-	11.78	12.19	4.00	3.73	1.07	1.19	335.88					
376	12.63	-	11.24	11.91	3.97	3.59	1.10	1.19	337.95					
377	12.66	-	11.11	11.85	3.99	3.57	1.12	1.15	339.07					
378	12.69	-	10.75	11.70	4.02	3.40	1.18	1.14	334.94					
379	12.73	-	11.57	12.08	3.99	3.66	1.09	1.19	321.04					
380	12.76	-	12.06	12.32	4.04	3.81	1.06	1.16	319.40					
381	12.79	-	12.38	12.48	4.03	3.89	1.04	1.16	322.03					
382	12.83	-	12.24	12.41	4.01	3.89	1.03	1.17	324.64					
383	12.86	-	11.94	12.26	3.96	3.81	1.04	1.15	324.79					
384	12.89	-	12.16	12.37	3.98	3.89	1.02	1.16	325.06					
385	12.93	-	11.84	12.21	3.97	3.81	1.04	1.18	326.84					
386	12.96	-	11.67	12.12	3.92	3.79	1.03	1.20	327.70					
387	13.00	-	11.52	12.05	3.95	3.71	1.06	1.18	337.78					
388	13.03	-	11.36	11.97	3.97	3.63	1.09	1.21	338.07					
389	13.06	-	11.54	12.07	3.96	3.70	1.07	1.22	340.49					
390	13.10	-	11.23	11.92	4.00	3.53	1.13	1.15	333.92					
391	13.13	-	12.08	12.36	4.07	3.67	1.11	1.25	323.24					
392	13.16	-	12.16	12.39	4.10	3.72	1.10	1.19	321.51					
393	13.20	-	12.52	12.56	4.12	3.88	1.06	1.19	325.19					
394	13.23	-	11.97	12.27	3.98	3.83	1.04	1.17	326.98					
395	13.26	-	12.06	12.32	3.98	3.84	1.04	1.18	330.72					
396	13.30	-	11.56	12.06	3.89	3.80	1.02	1.15	332.89					
397	13.33	-	11.72	12.15	3.96	3.78	1.05	1.15	333.96					
398	13.37	-	11.69	12.13	3.90	3.82	1.02	1.14	334.57					
399	13.40	-	11.65	12.11	3.92	3.79	1.03	1.21	343.91					
400	13.43	-	12.08	12.33	3.97	3.84	1.03	1.27	345.93					
401	13.47	-	11.68	12.13	3.93	3.81	1.03	1.24	351.44					
402	13.50	-	11.56	12.08	3.97	3.65	1.09	1.15	339.68					
403	13.53	-	12.19	12.39	4.08	3.77	1.08	1.17	328.09					
404	13.57	-	12.17	12.38	4.08	3.81	1.07	1.11	327.38					
405	13.60	-	12.58	12.58	4.11	3.91	1.05	1.14	332.63					
406	13.64	-	12.45	12.51	4.04	3.92	1.03	1.19	336.05					
407	13.67	-	12.08	12.33	3.97	3.90	1.02	1.21	337.89					
408	13.70	-	12.19	12.39	4.03	3.86	1.05	1.21	340.17					
409	13.74	-	11.97	12.28	3.97	3.81	1.04	1.21	340.95					
410	13.77	-	11.85	12.21	3.96	3.82	1.03	1.19	341.14					
411	13.80	-	12.09	12.34	4.01	3.85	1.04	1.23	353.51					
412	13.84	-	12.02	12.30	3.94	3.90	1.01	1.28	356.91					
413	13.87	-	11.60	12.09	3.89	3.81	1.02	1.27	357.15					
414	13.90	-	12.23	12.41	4.09	3.84	1.06	1.20	350.37					
415	13.94	-	12.55	12.57	4.10	3.86	1.06	1.20	336.64					
416	13.97	-	12.73	12.66	4.15	3.90	1.06	1.21	336.06					
417	14.01	-	12.98	12.79	4.14	3.96	1.05	1.22	338.45					
418	14.04	-	12.64	12.61	4.11	3.91	1.05	1.22	338.05					
419	14.07	-	12.65	12.62	4.08	3.97	1.03	1.22	338.98					
420	14.11	-	12.47	12.53	4.10	3.89	1.05	1.23	340.19					
421	14.14	-	12.23	12.41	4.11	3.78	1.09	1.21	341.59					
422	14.17	-	11.87	12.23	4.03	3.76	1.07	1.25	341.98					
423	14.21	-	12.11	12.34	3.97	3.89	1.02	1.26	349.79					
424	14.24	-	11.56	12.07	3.94	3.74	1.05	1.32	348.81					
425	14.28	-	11.54	12.05	3.94	3.72	1.06	1.27	348.55					
426	14.31	-	12.06	12.33	4.02	3.80	1.06	1.23	336.85					
427	14.34	-	12.88	12.73	4.11	3.97	1.03	1.24	331.78					
428	14.38	-	13.25	12.91	4.16	4.05	1.03	1.24	331.74					
429	14.41	-	13.25	12.91	4.13	4.09	1.01	1.23	332.87					
430	14.44	-	13.13	12.85	4.15	4.04	1.03	1.27	330.43					
431	14.48	-	12.88	12.73	4.15	3.92	1.06	1.28	330.69					
432	14.51	-	12.36	12.48	4.12	3.81	1.08	1.27	330.49					
433	14.54	-	12.24	12.42	4.10	3.77	1.09	1.29	331.67					
434	14.58	-	11.83	12.21	4.02	3.73	1.08	1.31	335.45					
435	14.61	-	11.96	12.27	3.95	3.83	1.03	1.27	340.77					
436	14.65	-	11.74	12.17	3.96	3.80	1.04	1.30	340.04					
437	14.68	-	11.57	12.08	3.96	3.74	1.06	1.27	335.96					
438	14.71	-	12.14	12.38	4.11	3.75	1.10	1.22	329.92					
439	14.75	-	12.69	12.64	4.15	3.90	1.06	1.26	324.30					
440	14.78	-	13.03	12.80	4.13	4.03	1.02	1.25	326.05					
441	14.81	-	12.61	12.60	4.11	3.92	1.05	1.26	326.12					
442	14.85	-	11.87	12.22	3.98	3.82	1.04	1.27	326.41					
443	14.88	-	11.59	12.08	3.93	3.73	1.05	1.26	328.10					
444	14.92	-	11.11	11.84	3.93	3.56	1.10	1.25	330.55					
445	14.95	-	11.15	11.87	4.00	3.54	1.13	1.26	333.36					
446	14.98	-	11.30	11.94	3.93	3.66	1.07	1.24	333.73					
447	15.02	-	11.23	11.91	3.88	3.70	1.05	1.29	341.43					
448	15.05	-	11.02	11.80	3.87	3.65	1.06	1.29	339.60					
449	15.08	-	11.61	12.11	4.00	3.69	1.09	1.28	338.52					
450	15.12	-	11.44	12.00	3.93	3.69	1.06	1.25	330.00					
451	15.15	-	12.07	12.32	3.99	3.86	1.04	1.25	326.45					
452	15.18	-	12.29	12.44	4.01	3.88	1.03	1.24	328.59					
453	15.22	-	12.28	12.43	4.05	3.86	1.05	1.27	329.67					
454	15.25	-	11.86	12.23	4.03	3.70	1.09	1.24	331.69					
455	15.29	-	11.80	12.21	4.03	3.68	1.09	1.26	334.56					
456	15.32	-	11.03	11.80	3.91	3.55	1.10	1.23	335.65					
457	15.35	-	11.42	12.01	3.94	3.67	1.07	1.24	337.25					
458	15.39	-	10.69	11.61	3.82	3.55	1.07	1.23	344.99					
459	15.42	-	10.76	11.66	3.80	3.62	1.05	1.30	350.78					
460	15.45	-	10.98	11.78	3.86	3.61	1.07	1.31	350.58					
461	15.49	-	11.53	12.07	4.01	3.66	1.09	1.29	351.78					
462	15.52	-	11.47	12.02	3.92	3.70	1.06	1.27	336.20					
463	15.55	-	12.05	12.32	3.97	3.87	1.03	1.29	334.18					
464	15.59	-	12.07	12.33	3.98	3.86	1.03	1.26	336.19					
465	15.62	-	11.91	12.25	3.97	3.82	1.04	1.25	336.08					
466	15.66	-	11.55	12.07	3.96	3.71	1.07	1.26	340.08					
467	15.69	-	11.40	12.02	4.00	3.57	1.12	1.24	342.21					
468	15.72	-	11.34	11.97	3.98	3.58	1.11	1.25	344.96					
469	15.76	-	10.25	11.39	3.80	3.39	1.12	1.24	346.58					
470	15.79	-	9.85	11.18	3.72	3.39	1.10	1.27	351.89					
471	15.82	-	9.55	11.07	3.80	3.25	1.17	1.32	3.50					
472	15.86	-	9.80	11.15	3.73	3.33	1.12	1.28	357.34					
473	15.89	-	11.24	11.93	3.96	3.55	1.11	1.31	0.54					
474	15.93	-	11.22	11.88	3.86	3.71	1.04	1.27	345.11					
475	15.96	-	11.91	12.25	3.97	3.79	1.05	1.30	340.46					
476	15.99	-	12.19	12.39	4.02	3.83	1.05	1.30	341.57					
477	16.03	-	11.58	12.08	3.94	3.69	1.07	1.31	342.51					
478	16.06	-	11.28	11.94	3.95	3.60	1.10	1.30	346.30					
479	16.09	-	11.05	11.85	3.97	3.48	1.14	1.26	348.65					
480	16.13	-	10.56	11.60	3.96	3.35	1.18	1.24	349.89					
481	16.16	-	10.38	11.47	3.83	3.37	1.14	1.25	349.93					
482	16.19	-	10.52	11.52	3.83	3.53	1.08	1.29	358.54					
483	16.23	-	10.28	11.41	3.83	3.42	1.12	1.27	4.17					
484	16.26	-	10.64	11.62	3.84	3.54	1.08	1.32	4.30					
485	16.30	-	11.25	11.95	3.99	3.54	1.13	1.34	5.57					
486	16.33	-	11.28	11.93	3.93	3.67	1.07	1.27	348.78					
487	16.36	-	11.80	12.20	4.00	3.74	1.07	1.30	346.00					
488	16.40	-	11.93	12.26	3.99	3.77	1.06	1.28	347.01					
489	16.43	-	11.38	11.98	3.94	3.65	1.08	1.27	346.92					
490	16.46	-	10.98	11.79	3.90	3.52	1.11	1.28	348.99					
491	16.50	-	10.64	11.65	3.94	3.40	1.16	1.27	350.14					
492	16.53	-	10.52	11.57	3.94	3.38	1.16	1.27	353.02					
493	16.57	-	10.28	11.41	3.82	3.41	1.12	1.28	354.00					
494	16.60	-	9.64	11.13	3.78	3.34	1.13	1.35	5.08					
495	16.63	-	9.43	10.96	3.77	3.25	1.16	1.32	0.22					
496	16.67	-	9.32	10.88	3.64	3.31	1.10	1.35	3.76					
497	16.70	-	9.93	11.24	3.86	3.35	1.15	1.30	1.22					
498	16.73	-	10.99	11.79	3.92	3.59	1.09	1.34	346.94					
499	16.77	-	11.54	12.07	3.98	3.65	1.09	1.35	344.31					
500	16.80	-	11.68	12.15	4.04	3.66	1.10	1.32	345.18					
501	16.83	-	11.54	12.08	4.03	3.63	1.11	1.34	342.99					
502	16.87	-	10.90	11.81	4.06	3.37	1.20	1.33	343.38					
503	16.90	-	10.97	11.83	4.05	3.39	1.20	1.28	343.69					
504	16.94	-	10.20	11.44	3.99	3.19	1.25	1.26	344.30					
505	16.97	-	10.04	11.34	3.93	3.19	1.23	1.26	346.13					
506	17.00	-	9.87	11.25	3.87	3.33	1.16	1.29	350.20					
507	17.04	-	9.80	11.21	3.88	3.27	1.18	1.30	352.12					
508	17.07	-	8.92	10.89	3.79	3.03	1.25	1.44	355.61					
509	17.10	-	10.80	11.71	4.00	3.45	1.16	1.32	349.19					
510	17.14	-	10.89	11.73	3.90	3.48	1.12	1.34	342.59					
511	17.17	-	10.85	11.71	3.91	3.52	1.11	1.33	341.48					
512	17.20	-	10.95	11.77	3.95	3.52	1.12	1.36	342.63					
513	17.24	-	10.78	11.71	3.96	3.44	1.15	1.34	340.11					
514	17.27	-	10.38	11.52	3.99	3.28	1.21	1.29	343.41					
515	17.31	-	10.47	11.59	4.01	3.22	1.24	1.23	343.13					
516	17.34	-	9.83	11.25	3.95	3.13	1.26	1.23	345.50					
517	17.37	-	9.69	11.10	3.78	3.23	1.17	1.23	347.24					
518	17.41	-	8.84	10.72	3.74	3.05	1.23	1.29	356.58					
519	17.44	-	8.60	10.65	3.83	2.89	1.33	1.34	359.84					
520	17.47	-	8.49	10.57	3.74	3.03	1.23	1.39	2.81					
521	17.51	-	9.12	10.86	3.80	2.98	1.28	1.33	356.03					
522	17.54	-	9.43	10.97	3.70	3.18	1.16	1.32	350.85					
523	17.58	-	10.14	11.35	3.85	3.33	1.16	1.30	345.58					
524	17.61	-	10.48	11.54	3.91	3.39	1.15	1.32	345.61					
525	17.64	-	10.45	11.53	3.94	3.41	1.16	1.36	344.83					
526	17.68	-	9.63	11.15	3.95	3.08	1.28	1.27	348.84					
527	17.71	-	9.48	11.06	3.90	3.06	1.28	1.25	352.43					
528	17.74	-	9.59	11.12	3.93	3.08	1.28	1.25	352.24					
529	17.78	-	9.82	11.20	3.84	3.21	1.20	1.24	352.92					
530	17.81	-	9.82	11.21	3.86	3.21	1.20	1.26	2.54					
531	17.84	-	8.69	10.60	3.65	3.09	1.18	1.36	9.47					
532	17.88	-	9.46	11.06	3.84	3.18	1.21	1.39	10.18					
533	17.91	-	9.04	10.78	3.81	3.04	1.25	1.31	5.16					
534	17.95	-	10.40	11.49	3.86	3.35	1.15	1.34	353.55					
535	17.98	-	10.33	11.45	3.91	3.37	1.16	1.39	354.99					
536	18.01	-	10.30	11.43	3.88	3.39	1.14	1.40	353.67					
537	18.05	-	8.95	10.84	3.87	3.10	1.25	1.46	357.46					
538	18.08	-	9.55	11.10	3.93	3.09	1.27	1.28	354.41					
539	18.11	-	8.99	10.78	3.82	2.94	1.30	1.24	353.97					
540	18.15	-	8.97	10.75	3.77	3.02	1.25	1.25	357.90					
541	18.18	-	9.32	10.92	3.79	3.15	1.20	1.26	357.45					
542	18.22	-	9.65	11.08	3.70	3.25	1.14	1.25	7.42					
543	18.25	-	8.73	10.59	3.63	3.14	1.15	1.32	10.55					
544	18.28	-	8.67	10.56	3.61	3.14	1.15	1.36	14.39					
545	18.32	-	8.34	10.41	3.70	2.92	1.27	1.37	11.00					
546	18.35	-	9.23	10.92	3.78	3.11	1.21	1.41	3.02					
547	18.38	-	9.94	11.30	3.89	3.31	1.18	1.44	357.95					
548	18.42	-	9.59	11.11	3.85	3.28	1.17	1.44	357.53					
549	18.45	-	9.79	11.20	3.88	3.22	1.21	1.38	353.15					
550	18.48	-	9.22	10.90	3.84	3.07	1.25	1.29	352.16					
551	18.52	-	9.31	10.93	3.82	3.08	1.24	1.28	351.46					
552	18.55	-	9.38	11.00	3.82	3.02	1.27	1.23	349.18					
553	18.59	-	9.47	10.98	3.80	3.18	1.19	1.24	351.85					
554	18.62	-	9.11	10.78	3.71	3.12	1.19	1.26	358.48					
555	18.65	-	9.06	10.76	3.72	3.09	1.20	1.25	357.96					
556	18.69	-	9.14	10.80	3.73	3.10	1.20	1.26	359.00					
557	18.72	-	9.26	10.91	3.83	3.17	1.21	1.34	358.30					
558	18.75	-	9.72	11.19	3.89	3.26	1.19	1.41	354.89					
559	18.79	-	9.85	11.26	3.88	3.29	1.18	1.40	351.30					
560	18.82	-	10.20	11.46	3.96	3.31	1.19	1.42	349.61					
561	18.86	-	9.87	11.27	3.94	3.22	1.22	1.39	345.57					
562	18.89	-	9.46	11.04	3.88	3.08	1.26	1.30	345.79					
563	18.92	-	8.91	10.72	3.78	2.96	1.28	1.25	346.48					
564	18.96	-	8.76	10.61	3.72	2.96	1.26	1.26	347.34					
565	18.99	-	9.06	10.81	3.78	2.97	1.27	1.20	349.32					
566	19.02	-	9.15	10.90	3.79	2.96	1.28	1.19	358.86					
567	19.06	-	8.75	10.66	3.79	2.96	1.28	1.22	3.03					
568	19.09	-	9.06	10.82	3.80	3.04	1.25	1.26	3.17					
569	19.12	-	8.90	10.73	3.78	3.03	1.25	1.30	356.39					
570	19.16	-	9.86	11.24	3.91	3.26	1.20	1.33	353.32					
571	19.19	-	9.64	11.12	3.82	3.19	1.20	1.35	351.87					
572	19.23	-	9.93	11.26	3.87	3.23	1.20	1.32	348.56					
573	19.26	-	9.84	11.25	3.85	3.16	1.22	1.34	347.42					
574	19.29	-	8.93	10.76	3.82	2.89	1.32	1.17	350.67					
575	19.33	-	8.79	10.71	3.83	2.82	1.36	1.17	351.90					
576	19.36	-	8.52	10.54	3.76	2.82	1.33	1.13	354.43					
577	19.39	-	9.44	11.10	3.89	2.95	1.32	1.14	356.58					
578	19.43	-	9.44	11.08	3.92	2.98	1.32	1.17	4.00					
579	19.46	-	8.49	10.53	3.74	2.86	1.31	1.26	7.41					
580	19.49	-	8.32	10.46	3.70	2.79	1.32	1.28	9.45					
581	19.53	-	8.83	10.73	3.83	2.94	1.30	1.32	1.81					
582	19.56	-	9.64	11.19	3.96	3.06	1.29	1.33	357.74					
583	19.60	-	10.04	11.44	4.04	3.09	1.31	1.35	355.66					
584	19.63	-	9.63	11.19	3.97	3.03	1.31	1.33	356.12					
585	19.66	-	9.24	10.95	3.87	3.00	1.29	1.33	356.39					
586	19.70	-	8.62	10.61	3.85	2.82	1.36	1.17	359.49					
587	19.73	-	8.76	10.72	3.86	2.79	1.38	1.18	358.59					
588	19.76	-	8.96	10.85	3.88	2.80	1.39	1.16	0.69					
589	19.80	-	8.49	10.53	3.78	2.81	1.35	1.13	4.30					
590	19.83	-	8.90	10.87	3.92	2.76	1.42	1.25	15.01					
591	19.87	-	8.30	10.48	3.78	2.82	1.34	1.27	17.49					
592	19.90	-	8.72	10.74	3.86	2.83	1.36	1.30	14.92					
593	19.93	-	9.86	11.38	4.05	2.99	1.35	1.31	11.79					
594	19.97	-	9.69	11.22	3.95	3.03	1.30	1.26	4.05					
595	20.00	-	9.31	11.00	3.91	2.99	1.31	1.26	4.31					
596	20.03	-	9.46	11.15	4.03	2.89	1.39	1.29	1.61					
597	20.07	-	9.33	11.05	3.98	2.92	1.36	1.30	0.49					
598	20.10	-	8.98	10.92	3.98	2.76	1.44	1.15	359.23					
599	20.13	-	8.24	10.43	3.81	2.66	1.43	1.16	0.30					
600	20.17	-	8.72	10.78	3.90	2.73	1.43	1.12	1.07					
601	20.20	-	8.99	10.83	3.83	2.91	1.32	1.12	6.37					
602	20.24	-	8.21	10.38	3.66	2.82	1.30	1.18	11.55					
603	20.27	-	8.21	10.33	3.60	2.96	1.22	1.18	11.19					
604	20.30	-	7.88	10.12	3.58	2.83	1.27	1.24	16.42					
605	20.34	-	9.23	11.06	4.03	2.84	1.42	1.26	10.73					
606	20.37	-	9.05	10.97	3.98	2.82	1.41	1.24	2.89					
607	20.40	-	9.35	11.06	3.93	2.93	1.34	1.27	2.71					
608	20.44	-	8.74	10.68	3.90	2.87	1.36	1.20	356.87					
609	20.47	-	8.84	10.77	3.93	2.82	1.39	1.23	352.79					
610	20.50	-	8.50	10.56	3.84	2.77	1.39	1.17	355.83					
611	20.54	-	8.04	10.29	3.77	2.67	1.41	1.07	353.13					
612	20.57	-	8.60	10.63	3.86	2.78	1.39	1.15	356.60					
613	20.61	-	8.82	10.74	3.80	2.92	1.30	1.09	5.15					
614	20.64	-	8.91	10.79	3.83	2.89	1.32	1.11	4.20					
615	20.67	-	9.18	10.88	3.75	3.02	1.24	1.15	7.25					
616	20.71	-	9.13	11.01	3.93	2.83	1.39	1.25	7.21					
617	20.74	-	9.72	11.31	4.04	2.92	1.38	1.30	3.03					
618	20.77	-	9.76	11.37	4.07	2.90	1.40	1.30	1.44					
619	20.81	-	9.34	11.08	3.98	2.91	1.37	1.34	354.79					
620	20.84	-	9.63	11.16	3.97	3.02	1.31	1.26	349.57					
621	20.88	-	8.66	10.60	3.76	2.87	1.31	1.20	350.30					
622	20.91	-	8.93	10.80	3.91	2.85	1.37	1.13	356.99					
623	20.94	-	8.21	10.44	3.84	2.66	1.45	1.12	357.55					
624	20.98	-	8.77	10.76	3.88	2.77	1.40	1.11	1.09					
625	21.01	-	9.03	10.83	3.85	2.93	1.31	1.11	8.79					
626	21.04	-	8.95	10.82	3.85	2.85	1.35	1.16	11.22					
627	21.08	-	9.41	11.07	3.90	3.01	1.30	1.21	16.03					
628	21.11	-	8.64	10.70	3.89	2.74	1.42	1.23	11.22					
629	21.14	-	9.31	11.12	4.01	2.81	1.43	1.28	6.93					
630	21.18	-	9.99	11.45	4.03	2.99	1.35	1.31	4.46					
631	21.21	-	9.36	11.06	3.92	2.90	1.35	1.24	0.27					
632	21.25	-	9.19	10.93	3.90	2.89	1.35	1.22	356.58					
633	21.28	-	8.49	10.59	3.91	2.71	1.44	1.17	0.25					
634	21.31	-	8.57	10.71	3.96	2.62	1.51	1.11	0.88					
635	21.35	-	8.36	10.58	3.81	2.59	1.47	1.13	1.74					
636	21.38	-	8.95	10.91	3.97	2.75	1.44	1.13	8.25					
637	21.41	-	9.38	11.12	3.96	2.87	1.38	1.17	17.39					
638	21.45	-	8.68	10.62	3.76	2.88	1.31	1.21	21.11					
639	21.48	-	9.04	10.88	3.84	2.88	1.33	1.21	22.03					
640	21.52	-	8.49	10.55	3.81	2.79	1.36	1.24	18.31					
641	21.55	-	9.27	11.08	4.08	2.82	1.45	1.28	11.47					
642	21.58	-	9.71	11.33	4.11	2.89	1.42	1.32	10.73					
643	21.62	-	9.22	10.97	3.91	2.87	1.36	1.30	6.86					
644	21.65	-	9.50	11.13	4.00	2.93	1.36	1.26	6.50					
645	21.68	-	8.71	10.73	3.92	2.73	1.44	1.14	9.04					
646	21.72	-	8.75	10.73	3.89	2.75	1.41	1.11	7.92					
647	21.75	-	8.60	10.64	3.85	2.73	1.41	1.13	8.74					
648	21.78	-	8.65	10.58	3.79	2.88	1.31	1.03	10.14					
649	21.82	-	8.59	10.51	3.65	2.95	1.24	1.05	19.59					
650	21.85	-	8.43	10.43	3.59	2.95	1.22	1.10	20.16					
651	21.89	-	8.55	10.52	3.74	2.93	1.27	1.16	24.99					
652	21.92	-	9.12	10.88	3.87	2.92	1.32	1.29	23.76					
653	21.95	-	9.64	11.18	4.00	2.99	1.34	1.33	18.37					
654	21.99	-	9.27	11.00	3.93	2.92	1.34	1.29	17.57					
655	22.02	-	8.69	10.68	3.89	2.79	1.40	1.23	14.08					
656	22.05	-	8.91	10.78	3.82	2.87	1.33	1.20	9.01					
657	22.09	-	8.58	10.58	3.79	2.82	1.34	1.12	9.08					
658	22.12	-	8.47	10.54	3.79	2.75	1.38	1.10	10.85					
659	22.16	-	8.49	10.52	3.78	2.81	1.34	1.09	9.70					
660	22.19	-	8.90	10.73	3.80	2.95	1.29	1.11	16.47					
661	22.22	-	9.07	10.81	3.77	2.96	1.27	1.07	17.73					
662	22.26	-	8.37	10.42	3.66	2.92	1.25	1.10	21.43					
663	22.29	-	8.12	10.23	3.59	2.85	1.26	1.12	25.18					
664	22.32	-	9.32	11.03	3.95	2.93	1.35	1.31	22.42					
665	22.36	-	8.68	10.61	3.77	2.89	1.30	1.22	17.69					
666	22.39	-	9.19	10.93	3.88	2.93	1.32	1.24	10.64					
667	22.42	-	8.45	10.54	3.85	2.74	1.40	1.20	7.89					
668	22.46	-	8.61	10.64	3.87	2.76	1.40	1.15	3.08					
669	22.49	-	8.21	10.45	3.79	2.61	1.45	1.16	4.17					
670	22.53	-	8.26	10.47	3.80	2.64	1.44	1.12	359.98					
671	22.56	-	8.33	10.52	3.83	2.63	1.46	1.16	3.32					
672	22.59	-	8.70	10.60	3.72	2.87	1.30	1.09	7.29					
673	22.63	-	8.38	10.39	3.63	2.87	1.26	1.05	10.07					
674	22.66	-	8.30	10.41	3.69	2.85	1.29	1.07	14.30					
675	22.69	-	8.20	10.30	3.68	2.82	1.30	1.12	16.76					
676	22.73	-	9.42	11.09	4.01	2.94	1.37	1.27	15.83					
677	22.76	-	9.39	11.03	3.88	2.97	1.31	1.27	9.10					
678	22.80	-	9.46	11.14	4.01	2.90	1.38	1.29	6.42					
679	22.83	-	8.78	10.75	3.90	2.73	1.43	1.24	1.66					
680	22.86	-	8.95	10.87	3.96	2.78	1.42	1.20	358.32					
681	22.90	-	8.30	10.55	3.93	2.61	1.51	1.12	2.93					
682	22.93	-	8.61	10.76	3.94	2.62	1.51	1.14	0.19					
683	22.96	-	8.32	10.54	3.90	2.66	1.47	1.09	5.86					
684	23.00	-	8.79	10.74	3.89	2.81	1.39	1.12	12.88					
685	23.03	-	8.81	10.71	3.85	2.86	1.35	1.13	14.46					
686	23.06	-	8.51	10.46	3.66	2.94	1.24	1.10	17.71					
687	23.10	-	8.40	10.43	3.69	2.86	1.29	1.16	18.15					
688	23.13	-	9.03	10.82	3.89	2.92	1.33	1.19	15.92					
689	23.17	-	9.01	10.82	3.87	2.91	1.33	1.24	7.56					
690	23.20	-	9.12	10.90	3.94	2.89	1.36	1.18	2.04					
691	23.23	-	8.51	10.60	3.86	2.71	1.42	1.17	1.33					
692	23.27	-	8.58	10.71	3.96	2.65	1.49	1.18	0.55					
693	23.30	-	8.63	10.65	3.91	2.76	1.42	1.15	4.10					
694	23.33	-	8.37	10.56	3.91	2.62	1.49	1.14	5.04					
695	23.37	-	8.43	10.49	3.72	2.76	1.35	1.14	8.75					
696	23.40	-	9.20	10.93	3.84	2.93	1.31	1.22	18.86					
697	23.44	-	9.13	10.92	3.91	2.87	1.36	1.16	22.82					
698	23.47	-	7.95	10.25	3.73	2.66	1.40	1.12	26.56					
699	23.50	-	8.60	10.56	3.77	2.88	1.31	1.29	27.91					
700	23.54	-	8.27	10.34	3.70	2.84	1.30	1.26	25.98					
701	23.57	-	9.08	10.81	3.81	3.06	1.25	1.30	16.84					
702	23.60	-	8.32	10.40	3.70	2.79	1.33	1.22	14.76					
703	23.64	-	9.18	10.92	3.89	2.93	1.33	1.24	12.02					
704	23.67	-	8.75	10.70	3.86	2.81	1.37	1.18	10.56					
705	23.70	-	8.64	10.75	3.98	2.66	1.50	1.19	15.96					
706	23.74	-	8.30	10.40	3.73	2.75	1.36	1.11	12.81					
707	23.77	-	8.88	10.68	3.73	2.96	1.26	1.10	19.82					
708	23.81	-	8.77	10.63	3.73	2.95	1.27	1.03	24.16					
709	23.84	-	7.55	9.84	3.45	2.79	1.23	1.03	29.31					
710	23.87	-	7.41	9.80	3.55	2.69	1.32	1.03	31.98					
711	23.91	-	8.35	10.37	3.64	2.89	1.26	1.26	31.85					
712	23.94	-	9.10	10.77	3.72	3.07	1.21	1.25	27.02					
713	23.97	-	9.18	10.89	3.84	2.98	1.29	1.28	24.32					
714	24.01	-	8.70	10.58	3.69	2.93	1.26	1.25	16.50					
715	24.04	-	8.96	10.77	3.82	2.93	1.31	1.25	12.04					
716	24.08	-	8.49	10.57	3.76	2.75	1.37	1.17	9.03					
717	24.11	-	8.15	10.36	3.71	2.64	1.41	1.16	8.42					
718	24.14	-	8.62	10.63	3.80	2.78	1.37	1.12	7.32					
719	24.18	-	9.00	10.82	3.80	2.87	1.32	1.17	16.84					
720	24.21	-	8.41	10.44	3.65	2.86	1.28	1.08	21.20					
721	24.24	-	7.62	9.94	3.59	2.73	1.32	1.06	27.97					
722	24.28	-	7.85	10.14	3.62	2.68	1.35	1.10	32.20					
723	24.31	-	8.16	10.32	3.72	2.80	1.33	1.19	25.09					
724	24.34	-	9.37	11.03	3.93	2.96	1.33	1.36	24.32					
725	24.38	-	9.21	10.96	3.90	2.92	1.33	1.29	14.44					
726	24.41	-	8.97	10.81	3.83	2.87	1.33	1.27	10.40					
727	24.45	-	9.10	10.91	3.88	2.86	1.36	1.24	5.76					
728	24.48	-	8.65	10.72	3.94	2.71	1.45	1.15	0.50					
729	24.51	-	9.11	10.94	3.95	2.81	1.40	1.14	4.29					
730	24.55	-	8.69	10.76	3.91	2.71	1.45	1.17	5.72					
731	24.58	-	9.16	10.96	3.95	2.82	1.40	1.17	10.20					
732	24.61	-	9.13	10.98	3.97	2.80	1.42	1.13	16.95					
733	24.65	-	8.19	10.42	3.81	2.66	1.43	1.11	23.09					
734	24.68	-	8.35	10.54	3.90	2.64	1.48	1.14	28.59					
735	24.72	-	9.04	10.84	3.87	2.89	1.34	1.30	22.63					
736	24.75	-	8.76	10.64	3.75	2.89	1.30	1.33	17.69					
737	24.78	-	8.55	10.51	3.68	2.88	1.28	1.28	11.81					
738	24.82	-	9.16	10.99	3.94	2.81	1.40	1.21	4.02					
739	24.85	-	8.82	10.80	3.94	2.73	1.44	1.21	3.52					
740	24.88	-	8.35	10.63	3.93	2.57	1.53	1.18	3.16					
741	24.92	-	8.51	10.78	4.06	2.52	1.61	1.17	3.14					
742	24.95	-	8.97	11.01	3.99	2.64	1.51	1.25	13.65					
743	24.98	-	9.47	11.19	4.09	2.81	1.46	1.22	17.32					
744	25.02	-	7.46	9.90	3.60	2.57	1.40	1.06	26.64					
745	25.05	-	7.91	10.20	3.73	2.66	1.40	1.07	30.31					
746	25.09	-	7.47	10.02	3.73	2.46	1.52	1.09	32.92					
747	25.12	-	8.40	10.50	3.77	2.81	1.34	1.20	27.92					
748	25.15	-	9.22	11.00	4.03	2.85	1.42	1.29	23.56					
749	25.19	-	8.46	10.56	3.78	2.71	1.40	1.26	17.79					
750	25.22	-	8.53	10.63	3.94	2.71	1.45	1.22	14.83					
751	25.25	-	9.12	11.14	4.20	2.66	1.58	1.25	13.06					
752	25.29	-	7.99	10.51	4.04	2.42	1.67	1.15	16.16					
753	25.32	-	8.20	10.61	4.01	2.48	1.62	1.13	15.11					
754	25.36	-	7.66	10.13	3.75	2.51	1.49	1.06	15.06					
755	25.39	-	8.74	10.82	4.05	2.69	1.51	1.12	26.46					
756	25.42	-	8.01	10.28	3.75	2.64	1.42	1.09	33.56					
757	25.46	-	7.64	10.05	3.70	2.60	1.42	1.05	34.37					
758	25.49	-	7.59	10.06	3.74	2.51	1.49	1.21	40.39					
759	25.52	-	8.00	10.20	3.69	2.71	1.36	1.24	31.58					
760	25.56	-	8.85	10.77	3.92	2.82	1.39	1.34	27.75					
761	25.59	-	8.91	10.88	3.98	2.75	1.45	1.28	24.30					
762	25.62	-	8.81	10.91	4.07	2.64	1.54	1.25	20.42					
763	25.66	-	8.95	11.07	4.18	2.58	1.62	1.20	18.58					
764	25.69	-	8.05	10.59	4.05	2.40	1.69	1.17	22.40					
765	25.73	-	8.36	10.77	4.15	2.49	1.66	1.10	19.99					
766	25.76	-	8.64	10.83	4.06	2.58	1.57	1.16	27.21					
767	25.79	-	8.24	10.42	3.77	2.75	1.37	0.98	28.16					
768	25.83	-	8.28	10.36	3.65	2.78	1.31	0.95	34.21					
769	25.86	-	7.33	9.74	3.48	2.70	1.29	0.86	34.61					
770	25.89	-	7.87	10.19	3.70	2.63	1.41	1.10	44.06					
771	25.93	-	8.25	10.51	3.87	2.61	1.48	1.19	39.71					
772	25.96	-	8.88	10.80	3.94	2.76	1.43	1.23	35.04					
773	26.00	-	9.15	10.99	4.04	2.80	1.44	1.24	31.55					
774	26.03	-	8.74	10.81	4.02	2.73	1.47	1.14	23.59					
775	26.06	-	8.75	10.96	4.14	2.56	1.62	1.19	22.38					
776	26.10	-	8.24	10.60	4.02	2.55	1.58	1.15	23.59					
777	26.13	-	8.50	10.78	4.12	2.59	1.59	1.16	22.75					
778	26.16	-	8.41	10.53	3.87	2.71	1.43	1.10	27.30					
779	26.20	-	8.00	10.20	3.67	2.71	1.35	0.92	26.86					
780	26.23	-	8.52	10.83	4.17	2.58	1.62	1.09	40.31					
781	26.26	-	7.80	10.38	4.00	2.44	1.64	1.03	40.14					
782	26.30	-	8.20	10.48	3.89	2.56	1.52	1.23	46.27					
783	26.33	-	8.39	10.76	4.11	2.57	1.60	1.28	41.06					
784	26.37	-	9.46	11.29	4.23	2.74	1.55	1.30	34.74					
785	26.40	-	9.07	11.08	4.16	2.68	1.55	1.24	26.34					
786	26.43	-	9.05	11.23	4.29	2.61	1.64	1.15	18.92					
787	26.47	-	8.69	10.98	4.23	2.54	1.66	1.13	16.00					
788	26.50	-	8.92	11.16	4.34	2.58	1.69	1.15	16.57					
789	26.53	-	8.71	10.98	4.22	2.56	1.65	1.16	16.95					
790	26.57	-	9.10	11.18	4.27	2.67	1.60	1.20	23.25					
791	26.60	-	9.37	11.27	4.18	2.69	1.55	1.21	30.57					
792	26.64	-	9.15	11.71	4.63	2.56	1.81	1.22	36.48					
793	26.67	-	8.24	10.81	4.23	2.38	1.78	1.11	37.29					
794	26.70	-	8.39	10.65	4.01	2.57	1.56	1.27	39.17					
795	26.74	-	8.75	10.90	4.18	2.66	1.57	1.34	37.51					
796	26.77	-	9.17	11.20	4.30	2.65	1.62	1.31	32.71					
797	26.80	-	8.82	10.98	4.18	2.59	1.62	1.23	26.71					
798	26.84	-	8.74	11.03	4.29	2.56	1.67	1.19	20.43					
799	26.87	-	8.54	11.04	4.36	2.41	1.81	1.18	19.62					
800	26.90	-	8.65	11.15	4.44	2.45	1.82	1.24	19.34					
801	26.94	-	8.67	11.17	4.47	2.44	1.83	1.23	22.99					
802	26.97	-	8.79	11.10	4.31	2.55	1.69	1.16	29.16					
803	27.01	-	8.63	11.07	4.21	2.40	1.75	1.12	39.85					
804	27.04	-	9.51	11.74	4.57	2.45	1.87	1.24	48.41					
805	27.07	-	8.39	11.35	4.59	2.13	2.15	1.25	53.15					
806	27.11	-	9.12	11.14	4.14	2.61	1.59	1.30	47.73					
807	27.14	-	7.70	10.22	3.90	2.49	1.57	1.23	39.38					
808	27.17	-	8.58	10.89	4.18	2.53	1.65	1.29	36.40					
809	27.21	-	8.19	10.70	4.19	2.44	1.72	1.20	28.73					
810	27.24	-	7.79	10.64	4.26	2.27	1.87	1.21	24.65					
811	27.28	-	8.00	10.82	4.35	2.29	1.90	1.21	26.07					
812	27.31	-	8.62	11.26	4.51	2.32	1.95	1.31	26.90					
813	27.34	-	7.98	10.53	4.03	2.39	1.69	1.17	28.46					
814	27.38	-	9.22	11.99	4.86	2.24	2.17	1.29	41.74					
815	27.41	-	8.04	10.51	3.90	2.51	1.56	1.01	42.29					
816	27.44	-	9.23	11.97	4.84	2.36	2.06	1.28	55.30					
817	27.48	-	8.76	12.14	4.87	1.91	2.54	1.47	62.98					
818	27.51	-	8.14	10.54	3.97	2.49	1.59	1.22	52.01					
819	27.54	-	8.57	10.95	4.22	2.45	1.72	1.33	46.48					
820	27.58	-	8.13	10.57	4.04	2.43	1.66	1.18	37.98					
821	27.61	-	8.09	10.82	4.25	2.26	1.88	1.23	35.77					
822	27.65	-	8.32	11.08	4.44	2.25	1.97	1.17	29.29					
823	27.68	-	8.10	10.93	4.32	2.21	1.95	1.14	31.70					
824	27.71	-	8.30	10.90	4.25	2.34	1.82	1.14	28.99					
825	27.75	-	8.29	10.81	4.13	2.37	1.74	1.09	33.63					
826	27.78	-	7.06	9.83	3.65	2.45	1.49	0.90	32.55					
827	27.81	S	7.45	10.11	3.74	2.39	1.56	0.99	50.70					
828	27.85	-	7.80	10.68	4.13	2.49	1.66	1.03	56.57					
829	27.88	-	8.05	11.32	4.67	2.12	2.20	1.27	67.98					
830	27.92	-	8.12	10.53	3.99	2.51	1.59	1.18	55.79					
831	27.95	-	8.99	11.23	4.33	2.46	1.76	1.39	52.18					
832	27.98	D	8.70	11.60	4.70	2.48	1.89	1.44	48.74					
833	28.02	-	8.39	11.11	4.48	2.30	1.94	1.27	39.46					
834	28.05	-	9.06	12.09	4.98	2.17	2.29	1.37	39.68					
835	28.08	-	9.00	12.14	5.06	2.12	2.38	1.47	41.61					
836	28.12	-	8.32	11.07	4.28	2.15	2.00	1.22	35.01					
837	28.15	-	8.33	11.09	4.32	2.23	1.94	1.24	39.11					
838	28.18	-	7.03	9.91	3.76	2.33	1.61	0.84	39.48					
839	28.22	-	7.88	10.61	4.09	2.39	1.71	1.05	56.48					
840	28.25	S	8.24	11.60	4.74	2.02	2.34	1.34	63.62					
841	28.29	-	8.31	11.52	4.67	2.01	2.32	1.44	68.76					
842	28.32	-	7.37	10.16	3.88	2.22	1.75	1.26	55.94					
843	28.35	-	9.66	12.22	4.84	2.19	2.21	1.64	56.72					
844	28.39	-	8.42	11.18	4.43	2.19	2.02	1.30	46.71					
845	28.42	-	8.77	11.75	4.76	2.15	2.21	1.27	41.94					
846	28.45	D	8.84	12.01	7.80	3.37	2.31	1.37	38.08					
847	28.49	-	7.67	10.47	4.09	2.23	1.83	1.18	32.93					
848	28.52	-	8.21	11.13	4.53	2.17	2.08	1.28	33.74					
849	28.55	-	7.82	10.61	4.13	2.22	1.86	1.23	36.41					
850	28.59	-	8.08	10.55	3.96	2.41	1.64	1.21	45.46					
851	28.62	-	9.59	12.21	4.92	2.25	2.18	1.58	58.65					
852	28.66	S	8.91	11.87	4.91	2.14	2.29	1.57	61.05					
853	28.69	-	9.96	12.43	5.09	2.31	2.21	1.82	62.87					
854	28.72	-	9.60	12.04	4.86	2.35	2.06	1.80	57.30					
855	28.76	-	10.48	12.83	5.10	2.29	2.22	1.94	55.23					
856	28.79	-	9.69	12.39	5.06	2.18	2.32	1.56	43.63					
857	28.82	D	9.28	12.25	7.83	3.40	2.31	1.44	38.22					
858	28.86	-	8.20	11.16	7.06	3.41	2.07	1.32	34.16					
859	28.89	-	7.99	11.17	4.53	2.06	2.20	1.42	32.70					
860	28.93	-	7.76	10.66	4.20	2.16	1.95	1.18	28.97					
861	28.96	-	8.42	11.24	4.53	2.20	2.05	1.41	38.05					
862	28.99	-	8.10	10.60	4.02	2.41	1.67	1.25	42.07					
863	29.03	-	9.04	11.70	4.63	2.35	1.97	1.52	53.73					
864	29.06	S	8.04	11.14	4.57	2.15	2.13	1.46	55.03					
865	29.09	-	8.47	11.32	4.65	2.30	2.02	1.59	57.86					
866	29.13	-	8.65	11.40	4.54	2.19	2.07	1.55	52.78					
867	29.16	-	9.66	12.76	5.31	1.99	2.67	1.82	51.31					
868	29.19	-	9.51	12.43	5.12	2.12	2.41	1.65	45.07					
869	29.23	D	7.12	10.17	6.27	3.27	1.92	1.15	32.85					
870	29.26	-	7.09	10.32	6.47	3.14	2.06	1.24	31.22					
871	29.30	-	7.49	10.56	4.22	2.11	2.00	1.27	31.37					
872	29.33	-	7.65	10.62	4.22	2.18	1.94	1.27	35.10					
873	29.36	-	7.67	10.43	4.06	2.24	1.81	1.26	42.19					
874	29.40	-	7.68	10.49	4.11	2.28	1.80	1.29	48.53					
875	29.43	-	8.51	11.15	4.41	2.30	1.92	1.52	60.28					
876	29.46	S	8.19	11.15	4.48	2.11	2.13	1.52	64.31					
877	29.50	-	9.12	11.77	4.76	2.21	2.16	1.69	63.83					
878	29.53	-	8.61	11.39	4.64	2.20	2.10	1.57	58.46					
879	29.57	-	9.10	12.18	5.09	2.09	2.43	1.68	55.32					
880	29.60	D	9.00	12.15	7.88	3.29	2.40	1.58	49.30					
881	29.63	-	8.17	11.04	4.44	2.21	2.00	1.31	42.63					
882	29.67	-	8.69	11.60	7.39	3.42	2.16	1.44	43.00					
883	29.70	-	8.41	11.04	4.40	2.34	1.88	1.31	40.54					
884	29.73	-	8.35	10.93	4.29	2.35	1.83	1.29	41.83					
885	29.77	-	8.85	11.21	4.30	2.41	1.78	1.32	46.55					
886	29.80	-	9.21	11.42	4.34	2.43	1.78	1.48	54.00					
887	29.83	S	8.92	11.25	4.38	2.41	1.82	1.43	57.91					
888	29.87	-	9.14	11.96	4.82	2.10	2.29	1.68	62.25					
889	29.90	-	9.68	11.91	4.72	2.37	1.99	1.67	59.37					
890	29.94	-	8.52	11.00	4.20	2.32	1.81	1.41	56.59					
891	29.97	-	9.53	11.71	4.60	2.45	1.88	1.40	50.76					
892	30.00	D	8.97	11.57	7.14	3.53	2.02	1.34	43.07					
893	30.04	-	8.94	11.38	4.45	2.37	1.88	1.30	44.65					
894	30.07	-	8.82	11.52	7.25	3.49	2.08	1.33	39.81					
895	30.10	-	9.26	11.69	4.68	2.37	1.98	1.35	41.24					
896	30.14	-	9.31	11.58	4.62	2.47	1.87	1.32	44.46					
897	30.17	-	8.78	10.97	4.20	2.59	1.62	1.36	46.67					
898	30.20	S	10.07	11.93	4.64	2.59	1.79	1.71	54.94					
899	30.24	-	9.19	11.39	4.43	2.46	1.80	1.63	53.83					
900	30.27	-	8.54	11.13	4.38	2.32	1.89	1.62	54.93					
901	30.31	-	9.90	11.97	4.67	2.47	1.89	1.71	52.96					
902	30.34	-	9.51	11.74	4.55	2.41	1.89	1.54	51.41					
903	30.37	-	9.04	11.56	4.59	2.31	1.99	1.45	49.35					
904	30.41	D	8.62	11.29	4.50	2.23	2.02	1.44	43.30					
905	30.44	-	8.33	11.39	7.17	3.15	2.27	1.41	36.55					
906	30.47	-	7.51	10.98	4.52	1.89	2.39	1.43	33.01					
907	30.51	-	7.63	11.05	4.55	1.93	2.35	1.38	33.49					
908	30.54	-	7.66	10.76	4.36	2.15	2.03	1.23	39.55					
909	30.58	-	8.07	10.75	4.26	2.32	1.84	1.45	43.77					
910	30.61	-	8.16	10.76	4.16	2.37	1.76	1.45	49.31					
911	30.64	S	9.62	12.19	4.99	2.25	2.21	1.83	58.14					
912	30.68	-	8.85	11.80	4.88	2.15	2.26	1.80	57.81					
913	30.71	-	9.25	11.81	4.79	2.29	2.09	1.79	56.91					
914	30.74	-	8.67	11.25	4.41	2.27	1.95	1.61	53.69					
915	30.78	-	8.93	11.58	4.71	2.27	2.08	1.66	49.52					
916	30.81	D	8.14	11.03	4.43	2.19	2.02	1.40	45.15					
917	30.84	-	8.79	11.36	4.53	2.34	1.93	1.42	44.83					
918	30.88	-	8.40	11.09	4.37	2.30	1.90	1.39	43.16					
919	30.91	-	8.88	11.32	4.54	2.41	1.88	1.46	45.66					
920	30.95	-	8.73	11.08	4.43	2.55	1.73	1.46	48.50					
921	30.98	-	9.32	11.34	4.34	2.61	1.66	1.66	54.42					
922	31.01	S	9.35	11.53	4.54	2.57	1.77	1.67	56.50					
923	31.05	-	9.35	11.39	4.32	2.52	1.71	1.75	60.16					
924	31.08	-	9.83	11.98	4.76	2.47	1.93	1.94	62.07					
925	31.11	-	9.36	11.41	4.43	2.57	1.72	1.60	60.62					
926	31.15	-	9.36	11.55	4.55	2.51	1.81	1.48	57.97					
927	31.18	-	9.09	11.39	4.52	2.50	1.80	1.32	52.66					
928	31.22	D	8.33	10.84	4.25	2.41	1.76	1.26	50.87					
929	31.25	-	9.12	11.41	4.52	2.44	1.85	1.42	49.62					
930	31.28	-	8.82	11.17	4.36	2.45	1.78	1.32	49.19					
931	31.32	-	8.76	10.96	4.12	2.53	1.63	1.28	50.45					
932	31.35	-	10.99	12.48	4.89	2.67	1.83	1.49	56.64					
933	31.38	-	10.27	11.92	4.59	2.78	1.65	1.46	55.60					
934	31.42	S	11.07	12.63	5.05	2.70	1.87	1.80	59.32					
935	31.45	-	10.62	12.26	4.77	2.66	1.79	1.74	57.87					
936	31.48	-	10.92	12.67	5.04	2.58	1.95	1.81	58.53					
937	31.52	-	10.73	12.38	4.91	2.65	1.85	1.59	59.84					
938	31.55	-	9.13	11.37	4.43	2.47	1.79	1.39	55.70					
939	31.59	-	9.03	11.51	4.60	2.34	1.97	1.33	49.62					
940	31.62	D	8.85	11.37	4.54	2.39	1.90	1.37	46.08					
941	31.65	-	8.58	11.50	4.72	2.19	2.15	1.45	38.47					
942	31.69	-	8.70	11.73	4.92	2.18	2.26	1.31	41.50					
943	31.72	-	8.34	11.43	4.67	2.12	2.20	1.44	38.76					
944	31.75	-	7.41	10.16	3.98	2.36	1.69	1.32	45.11					
945	31.79	-	7.80	10.46	4.03	2.32	1.74	1.49	46.57					
946	31.82	S	9.27	11.90	4.77	2.26	2.11	1.93	58.89					
947	31.86	-	8.36	11.52	4.70	2.11	2.23	1.84	59.18					
948	31.89	-	9.71	12.16	4.89	2.48	1.97	1.97	57.75					
949	31.92	-	9.85	12.03	4.81	2.48	1.94	1.75	55.81					
950	31.96	-	9.36	11.52	4.56	2.50	1.83	1.49	53.16					
951	31.99	-	9.80	12.22	4.98	2.39	2.09	1.59	47.67					
952	32.02	D	10.03	12.75	5.34	2.23	2.40	1.69	43.33					
953	32.06	-	8.13	10.92	4.38	2.28	1.92	1.36	40.97					
954	32.09	-	8.83	11.44	4.67	2.29	2.03	1.58	44.79					
955	32.12	-	8.50	10.92	4.31	2.45	1.76	1.46	46.94					
956	32.16	-	9.44	12.03	4.85	2.34	2.07	1.69	49.16					
957	32.19	-	8.82	11.10	4.27	2.44	1.75	1.50	57.20					
958	32.23	S	10.10	12.13	7.48	4.01	1.87	1.79	62.06					
959	32.26	-	8.86	11.10	4.22	2.49	1.70	1.52	66.08					
960	32.29	-	10.56	12.38	4.93	2.59	1.91	1.92	63.74					
961	32.33	-	9.34	11.31	4.29	2.63	1.63	1.56	61.63					
962	32.36	-	9.82	11.79	4.68	2.62	1.79	1.67	59.59					
963	32.39	D	9.31	11.41	4.40	2.51	1.75	1.53	55.96					
964	32.43	-	10.54	12.32	7.75	4.21	1.84	1.67	55.26					
965	32.46	-	10.00	12.16	4.97	2.51	1.98	1.68	51.80					
966	32.50	-	10.49	12.27	4.97	2.69	1.85	1.70	52.34					
967	32.53	-	10.45	12.40	4.95	2.63	1.88	1.59	53.29					
968	32.56	-	10.72	12.52	5.04	2.58	1.95	1.66	60.87					
969	32.60	-	10.21	11.93	4.56	2.75	1.66	1.59	70.48					
970	32.63	S	10.44	12.08	7.31	4.24	1.73	1.74	75.95					
971	32.66	-	10.71	12.57	5.05	2.56	1.97	1.89	80.12					
972	32.70	-	11.54	13.16	5.38	2.72	1.98	1.97	78.29					
973	32.73	-	11.36	12.65	4.88	2.78	1.75	1.84	73.71					
974	32.76	-	11.53	12.70	4.98	2.89	1.72	1.83	68.35					
975	32.80	-	10.09	11.83	4.57	2.69	1.70	1.53	61.10					
976	32.83	D	10.27	12.27	4.99	2.58	1.94	1.66	57.28					
977	32.87	-	10.56	12.40	5.01	2.59	1.94	1.67	54.35					
978	32.90	-	10.74	12.41	4.98	2.66	1.87	1.68	54.66					
979	32.93	-	10.93	12.60	5.07	2.64	1.92	1.63	57.19					
980	32.97	-	10.86	12.46	4.90	2.68	1.83	1.52	64.01					
981	33.00	S	10.19	11.73	6.95	4.53	1.54	1.53	76.19					
982	33.04	-	9.45	11.37	4.30	2.76	1.56	1.44	75.43					
983	33.07	-	10.54	12.36	4.91	2.59	1.90	1.73	78.16					
984	33.10	-	10.79	12.29	4.75	2.83	1.68	1.71	74.88					
985	33.14	-	11.19	12.41	4.80	2.89	1.66	1.77	73.38					
986	33.17	-	10.92	12.44	4.91	2.75	1.78	1.78	70.40					
987	33.20	-	10.43	12.26	4.86	2.59	1.88	1.76	68.83					
988	33.24	D	10.65	12.57	5.01	2.52	1.99	1.83	68.79					
989	33.27	-	9.91	12.51	5.15	2.24	2.30	1.64	72.73					
990	33.30	-	10.07	12.25	4.85	2.44	1.99	1.67	77.10					
991	33.33	-	8.93	11.87	4.86	2.07	2.35	1.64	78.17					
992	33.37	-	9.78	12.15	4.79	2.31	2.07	1.75	91.33					
993	33.40	S	10.27	12.13	7.43	4.02	1.85	1.75	95.82					
994	33.43	-	9.63	11.61	4.49	2.57	1.75	1.66	98.33					
995	33.46	-	9.90	12.51	5.14	2.23	2.32	1.72	101.15					
996	33.50	-	9.73	11.52	4.34	2.70	1.61	1.65	93.71					
997	33.53	-	10.67	12.11	4.53	2.81	1.61	1.70	85.37					
998	33.56	-	11.01	12.37	4.76	2.80	1.70	1.73	80.54					
999	33.60	-	10.54	12.24	4.80	2.65	1.81	1.74	74.27					
1000	33.63	D	10.01	12.18	4.90	2.46	1.99	1.67	63.72					
1001	33.67	-	10.60	12.46	4.93	2.55	1.93	1.75	64.50					
1002	33.70	-	10.57	12.39	4.88	2.60	1.88	1.57	65.48					
1003	33.73	-	10.94	12.32	4.78	2.80	1.71	1.60	68.58					
1004	33.77	-	12.04	13.10	5.13	2.79	1.84	1.79	73.42					
1005	33.80	-	11.22	12.49	4.82	2.86	1.69	1.74	77.07					
1006	33.84	S	10.07	11.96	7.28	4.11	1.77	1.60	78.63					
1007	33.87	-	10.33	12.00	4.66	2.72	1.71	1.70	83.68					
1008	33.90	-	11.19	12.38	4.76	2.91	1.63	1.68	78.79					
1009	33.94	-	11.72	12.69	4.86	2.94	1.66	1.68	79.06					
1010	33.97	-	11.17	12.38	4.74	2.87	1.65	1.73	73.83					
1011	34.00	-	10.87	12.24	4.70	2.83	1.66	1.63	69.77					
1012	34.03	-	10.31	12.14	4.90	2.69	1.82	1.65	64.76					
1013	34.07	D	10.14	12.18	4.93	2.55	1.93	1.62	63.40					
1014	34.10	-	10.53	12.42	4.99	2.52	1.98	1.66	65.58					
1015	34.13	-	10.73	12.54	5.07	2.67	1.90	1.64	67.70					
1016	34.17	-	10.68	12.08	4.55	2.85	1.60	1.52	73.64					
1017	34.20	-	9.53	11.29	4.14	2.73	1.51	1.41	79.29					
1018	34.23	-	10.63	12.08	4.64	2.82	1.65	1.66	82.07					
1019	34.27	-	9.85	11.62	4.43	2.71	1.64	1.51	87.37					
1020	34.30	S	11.66	12.66	7.67	4.66	1.64	1.80	80.45					
1021	34.33	-	10.53	11.99	4.54	2.79	1.62	1.48	79.47					
1022	34.36	-	11.70	12.85	5.00	2.82	1.77	1.65	76.84					
1023	34.40	-	11.25	12.61	4.95	2.76	1.79	1.48	74.22					
1024	34.43	-	10.93	12.47	4.93	2.69	1.83	1.37	73.13					
1025	34.46	D	10.57	12.39	4.97	2.60	1.91	1.43	70.04					
1026	34.50	-	11.10	12.67	5.07	2.65	1.92	1.41	72.01					
1027	34.53	-	11.44	12.74	5.05	2.81	1.80	1.37	75.37					
1028	34.56	-	11.49	12.87	5.03	2.66	1.89	1.66	77.28					
1029	34.59	-	9.65	11.86	4.68	2.42	1.93	1.55	76.17					
1030	34.63	-	9.77	11.84	4.67	2.55	1.84	1.77	77.86					
1031	34.66	S	9.74	11.79	7.23	4.01	1.80	1.64	80.60					
1032	34.69	-	10.57	12.11	4.69	2.82	1.67	1.68	81.91					
1033	34.73	-	11.52	12.72	4.96	2.85	1.74	1.47	85.56					
1034	34.76	-	11.49	12.58	4.84	2.90	1.67	1.30	91.37					
1035	34.79	-	10.75	12.00	4.54	2.96	1.53	1.31	87.83					
1036	34.82	-	11.26	12.89	5.23	2.91	1.80	1.13	89.23					
1037	34.86	D	10.44	12.11	7.50	4.48	1.67	1.08	91.11					
1038	34.89	-	11.60	13.05	5.25	3.01	1.75	1.02	98.92					
1039	34.92	-	11.57	13.25	5.53	2.81	1.97	0.96	99.98					
1040	34.96	-	11.02	12.35	4.78	2.83	1.69	1.28	87.00					
1041	34.99	-	11.00	12.43	4.84	2.75	1.76	1.43	81.82					
1042	35.02	-	10.64	12.28	4.84	2.71	1.79	1.62	77.64					
1043	35.05	S	10.91	12.48	7.70	4.22	1.83	1.76	78.04					
1044	35.09	-	11.52	12.54	4.80	2.99	1.61	1.70	76.91					
1045	35.12	-	12.18	12.83	4.83	3.07	1.58	1.52	81.50					
1046	35.15	-	12.09	12.86	4.95	3.10	1.59	1.40	82.99					
1047	35.19	-	11.43	12.50	4.76	3.01	1.58	1.31	78.74					
1048	35.22	-	11.19	12.71	5.05	2.86	1.77	1.15	77.35					
1049	35.25	D	10.17	12.11	4.75	2.61	1.82	1.20	72.35					
1050	35.28	-	10.69	12.75	5.20	2.59	2.01	1.13	72.51					
1051	35.32	-	11.24	12.63	4.99	2.88	1.73	1.21	76.08					
1052	35.35	-	12.50	13.27	5.16	2.89	1.79	1.51	76.06					
1053	35.38	-	11.98	13.03	5.08	2.81	1.81	1.67	75.27					
1054	35.42	-	11.22	12.65	4.94	2.72	1.81	1.75	73.05					
1055	35.45	-	11.02	12.54	4.96	2.71	1.83	1.69	73.94					
1056	35.48	S	10.98	12.46	7.71	4.34	1.78	1.66	72.32					
1057	35.51	-	11.11	12.45	4.83	2.80	1.72	1.57	77.10					
1058	35.55	-	11.55	12.65	4.91	2.91	1.69	1.63	76.08					
1059	35.58	-	12.22	13.01	4.95	2.92	1.70	1.64	74.28					
1060	35.61	-	11.44	12.87	5.20	2.72	1.91	1.46	69.79					
1061	35.65	D	11.17	12.62	7.79	4.24	1.84	1.47	66.75					
1062	35.68	-	10.90	12.61	5.08	2.61	1.94	1.62	64.61					
1063	35.71	-	11.20	12.61	5.00	2.76	1.81	1.61	65.48					
1064	35.74	-	10.88	12.55	4.99	2.61	1.91	1.62	66.16					
1065	35.78	-	11.77	13.06	4.98	2.72	1.83	1.56	67.40					
1066	35.81	-	11.22	12.44	4.64	2.82	1.65	1.55	74.98					
1067	35.84	-	10.90	12.13	4.58	3.03	1.51	1.49	81.83					
1068	35.88	-	10.95	12.20	4.51	2.94	1.54	1.57	84.56					
1069	35.91	-	10.98	12.13	4.43	3.03	1.46	1.57	81.74					
1070	35.94	-	10.99	12.14	4.49	2.95	1.52	1.57	81.07					
1071	35.98	-	11.89	12.65	4.69	3.06	1.53	1.56	78.13					
1072	36.01	-	11.96	12.96	5.00	2.84	1.76	1.67	71.03					
1073	36.04	-	10.63	12.44	5.01	2.61	1.92	1.62	63.87					
1074	36.07	-	14.26	16.10	6.39	2.62	2.44	1.06	40.99					
1075	36.11	-	15.90	17.12	6.64	2.64	2.51	1.01	27.90					
1076	36.14	-	18.26	19.01	7.23	2.33	3.13	1.20	5.77					
1077	36.17	-	15.98	16.56	6.50	2.69	2.42	1.09	25.69					
1078	36.21	-	14.78	15.74	6.21	3.00	2.07	1.15	31.38					
1079	36.24	-	15.49	16.16	6.26	2.99	2.10	1.11	54.70					
1080	36.27	-	18.40	17.77	6.80	2.69	2.52	1.22	24.23					
1081	36.30	-	11.47	12.41	4.58	3.07	1.49	1.61	87.81					
1082	36.34	-	12.16	12.81	4.74	3.07	1.55	1.62	84.70					
1083	36.37	-	11.22	12.39	4.72	2.93	1.61	1.53	78.98					
1084	36.40	-	15.19	17.77	6.69	2.52	2.64	0.84	39.76					
1085	36.44	-	15.93	17.72	6.62	2.57	2.58	0.82	14.49					
1086	36.47	-	16.52	17.41	6.91	2.71	2.55	0.99	10.79					
1087	36.50	-	17.74	17.59	6.89	2.83	2.44	1.03	7.03					
1088	36.53	-	16.37	17.17	6.47	2.71	2.39	1.15	21.48					
1089	36.57	-	16.69	16.67	6.38	2.91	2.19	1.22	29.31					
1090	36.60	-	16.78	16.46	6.34	3.24	1.96	1.17	39.67					
1091	36.63	-	17.28	16.79	6.55	3.19	2.05	1.15	41.58					
1092	36.67	-	18.90	17.18	6.43	3.26	1.98	1.14	34.60					
1093	36.70	-	12.54	16.47	5.99	2.73	2.20	1.26	78.78					
1094	36.73	-	14.94	16.53	6.14	3.19	1.92	0.93	71.48					
1095	36.76	-	11.74	12.65	4.85	3.04	1.59	1.29	88.27					
1096	36.80	-	12.36	13.10	5.06	3.05	1.66	1.25	88.31					
1097	36.83	-	10.55	12.26	4.89	2.75	1.78	1.03	85.05					
1098	36.86	-	16.44	18.62	6.93	2.30	2.99	0.82	358.44					
1099	36.90	-	15.13	17.73	5.98	2.45	2.44	0.75	6.38					
1100	36.93	-	18.43	19.47	7.18	2.21	3.25	0.88	7.51					
1101	36.96	-	18.16	18.04	6.86	2.92	2.35	1.02	28.48					
1102	36.99	-	17.15	16.19	6.22	3.16	1.97	1.32	31.21					
1103	37.03	-	14.23	15.64	5.80	3.01	1.93	1.32	53.13					
1104	37.06	-	16.99	15.73	6.10	3.49	1.75	1.34	38.22					
1105	37.09	-	12.31	12.76	4.54	3.27	1.39	1.40	83.54					
1106	37.13	-	11.85	12.90	5.04	2.98	1.69	1.13	93.03					
1107	37.16	-	13.65	13.95	5.50	3.05	1.80	1.30	93.54					
1108	37.19	-	12.05	13.03	5.10	3.02	1.69	0.95	96.59					
1109	37.23	-	10.99	12.60	5.00	2.70	1.85	0.67	115.90					
1110	37.26	-	10.79	12.89	5.11	2.63	1.94	0.73	113.69					
1111	37.29	-	11.08	13.09	5.42	2.57	2.11	0.67	117.04					
1112	37.32	-	15.10	16.70	5.70	3.26	1.74	0.30	2.48					
1113	37.36	-	11.25	12.53	4.89	2.95	1.66	0.82	93.41					
1114	37.39	-	16.24	16.66	6.09	2.69	2.26	1.18	25.46					
1115	37.42	-	16.18	16.40	5.82	3.15	1.85	1.29	30.35					
1116	37.46	-	18.37	17.26	6.28	2.90	2.17	1.47	22.69					
1117	37.49	-	18.29	18.19	6.68	2.62	2.55	1.13	34.59					
1118	37.52	-	11.69	12.63	4.77	2.97	1.61	1.33	92.42					
1119	37.55	-	12.56	13.27	5.20	3.03	1.72	0.97	101.66					
1120	37.59	-	17.43	19.30	6.79	3.14	2.16	0.24	30.47					
1121	37.62	-	16.03	19.35	6.65	2.91	2.28	0.38	354.19					
1122	37.65	-	10.05	11.91	4.64	2.80	1.66	0.80	80.85					
1123	37.69	-	15.90	18.03	6.10	2.23	2.74	0.85	335.88					
1124	37.72	-	18.86	19.81	6.40	2.71	2.34	1.04	339.91					
1125	37.75	-	16.10	15.71	5.30	3.54	1.50	0.85	5.33					
1126	37.78	-	15.75	15.59	5.86	2.90	2.02	1.34	26.89					
1127	37.82	-	17.00	16.05	5.96	3.20	1.86	1.52	26.97					
1128	37.85	-	17.56	16.16	6.10	3.18	1.92	1.53	24.82					
1129	37.88	-	14.87	15.04	5.71	3.47	1.64	1.19	29.69					
1130	37.92	-	16.79	17.40	6.25	2.45	2.55	1.16	27.66					
1131	37.95	-	12.52	15.14	5.64	3.10	1.82	1.03	70.42					
1132	37.98	-	19.42	19.62	6.92	2.76	2.54	0.96	18.10					
1133	38.01	-	16.67	17.56	6.22	2.66	2.34	1.16	357.47					
1134	38.05	-	17.36	18.15	6.11	2.35	2.60	1.43	353.90					
1135	38.08	-	19.74	17.31	6.32	3.53	1.79	1.53	356.31					
1136	38.11	-	17.61	16.21	5.94	3.41	1.75	1.28	11.62					
1137	38.15	-	17.47	16.26	6.10	3.31	1.85	1.36	11.84					
1138	38.18	-	18.58	16.23	6.17	3.87	1.59	1.51	22.66					
1139	38.21	-	20.99	17.06	6.45	3.98	1.62	1.84	24.66					
1140	38.24	-	18.46	15.85	5.87	4.08	1.44	1.60	31.59					
1141	38.28	-	20.12	16.71	6.23	3.98	1.56	1.61	27.49					
1142	38.31	-	18.96	16.68	6.30	3.37	1.87	1.35	26.75					
1143	38.34	-	16.61	16.42	6.14	3.31	1.86	1.06	35.29					
1144	38.38	-	18.02	16.56	6.10	3.47	1.75	1.12	26.24					
1145	38.41	-	18.38	17.92	5.98	2.89	2.07	1.21	12.93					
1146	38.44	-	13.49	15.13	5.90	2.79	2.12	1.12	22.86					
1147	38.47	-	16.63	15.98	5.83	3.36	1.73	1.45	9.88					
1148	38.51	-	15.62	15.62	5.88	3.17	1.85	1.25	14.86					
1149	38.54	-	18.96	16.27	6.03	3.72	1.62	1.61	9.62					
1150	38.57	-	20.55	16.83	6.22	3.95	1.58	1.80	18.55					
1151	38.61	-	16.39	14.76	5.34	3.90	1.37	1.57	35.19					
1152	38.64	-	19.10	16.34	6.32	3.87	1.63	1.64	24.61					
1153	38.67	-	19.38	16.22	5.98	3.88	1.54	1.57	27.48					
1154	38.71	-	15.50	14.80	5.57	3.24	1.72	1.27	35.00					
1155	38.74	-	14.27	14.39	5.23	3.51	1.49	1.19	48.41					
1156	38.77	-	16.72	15.52	5.74	3.39	1.70	1.25	25.13					
1157	38.80	-	16.65	16.37	5.88	2.88	2.04	1.23	18.86					
1158	38.84	-	15.01	15.07	5.54	3.20	1.73	1.30	17.80					
1159	38.87	-	16.77	15.40	5.69	3.63	1.57	1.49	13.26					
1160	38.90	-	18.51	16.02	5.84	3.88	1.50	1.71	12.77					
1161	38.94	-	17.97	16.38	6.21	3.48	1.79	1.66	14.17					
1162	38.97	-	19.22	16.14	5.76	4.08	1.41	1.76	26.70					
1163	39.00	-	18.84	16.23	5.90	3.98	1.49	1.80	28.59					
1164	39.03	-	19.32	16.17	5.94	4.12	1.44	1.60	35.36					
1165	39.07	-	17.26	15.57	5.91	3.55	1.66	1.48	41.00					
1166	39.10	-	16.55	15.02	5.56	3.54	1.57	1.31	40.49					
1167	39.13	-	17.49	15.95	6.07	3.61	1.68	1.30	40.51					
1168	39.17	-	16.82	15.60	5.74	3.29	1.74	1.30	30.09					
1169	39.20	-	16.83	15.81	6.01	3.24	1.85	1.23	29.97					
1170	39.23	-	16.97	15.51	5.58	3.42	1.64	1.35	17.72					
1171	39.26	-	16.31	15.18	5.69	3.35	1.70	1.54	8.25					
1172	39.30	-	16.59	15.27	5.46	3.47	1.57	1.58	14.15					
1173	39.33	-	17.25	15.07	5.47	3.90	1.40	1.68	22.21					
1174	39.36	-	18.52	15.83	5.70	3.96	1.44	1.81	20.91					
1175	39.40	-	17.79	15.57	5.60	3.69	1.52	1.80	27.46					
1176	39.43	-	18.40	15.83	5.92	3.83	1.54	1.68	34.59					
1177	39.46	-	20.51	16.62	6.25	4.04	1.55	1.64	30.97					
1178	39.50	-	18.77	16.01	5.89	3.71	1.59	1.54	32.54					
1179	39.53	-	16.78	15.22	5.59	3.80	1.47	1.33	27.79					
1180	39.56	-	17.13	15.57	5.58	3.49	1.60	1.29	27.62					
1181	39.59	-	14.50	14.61	5.03	3.69	1.37	0.93	30.11					
1182	39.63	-	17.26	15.87	5.47	3.40	1.61	1.08	11.82					
1183	39.66	-	13.48	13.80	5.01	3.57	1.40	0.87	15.17					
1184	39.69	-	17.68	15.93	5.53	3.47	1.59	1.28	2.02					
1185	39.73	-	18.44	15.76	5.51	3.94	1.40	1.34	7.34					
